/*--------------------------------*- C++ -*----------------------------------*\
| =========                 |                                                 |
| \\      /  F ield         | OpenFOAM: The Open Source CFD Toolbox           |
|  \\    /   O peration     | Version:  2512                                  |
|   \\  /    A nd           | Website:  www.openfoam.com                      |
|    \\/     M anipulation  |                                                 |
\*---------------------------------------------------------------------------*/
FoamFile
{
    version     2.0;
    format      ascii;
    arch        "LSB;label=32;scalar=64";
    class       faceSet;
    location    "constant/polyMesh/sets";
    object      layerFaces;
}
// * * * * * * * * * * * * * * * * * * * * * * * * * * * * * * * * * * * * * //


6620
(
114688
98305
98308
114692
98311
114696
98314
114700
98317
98320
98323
114707
98326
114712
98329
98332
114717
98335
98338
114722
98341
114727
98344
98347
98350
114736
98353
98356
114740
98359
114744
98362
114748
98365
98368
114752
98371
98374
114759
98377
98380
114764
98383
114769
98386
98389
114774
98392
98395
114779
98398
98401
98404
114788
98407
114791
98410
114794
98413
114797
98414
114800
98419
114805
114809
98426
114813
98431
114817
98436
114821
98443
114828
114831
98448
114834
98453
114837
114840
98460
114845
114848
98465
114851
98470
114854
114857
98477
114862
98482
114866
114870
98487
114874
98494
114878
98499
114885
114886
114887
98504
114888
114889
114890
114894
98511
114898
98516
114902
98521
114906
98528
114913
114916
98533
114919
98538
114922
114925
98545
114930
114933
98550
114936
98555
114939
114942
98562
114947
98567
114952
98572
114957
114962
98579
114967
98584
98589
114976
98596
114980
114984
98601
114988
98606
114992
98613
114999
98618
115003
98623
115007
115011
98630
115015
98635
115022
98640
115026
115030
98647
115034
98652
115038
98657
115045
98664
115050
98669
115055
98674
115060
98681
115065
98686
115074
98691
115077
115080
98698
115083
115086
98703
115091
98708
115093
115095
115097
98715
115099
115102
98720
115104
115106
115108
98725
115110
115113
98732
115117
98737
115121
115125
98742
115129
98749
115136
98754
115140
98759
115144
115148
98766
115152
98771
115159
98776
115162
115165
98783
115168
115171
98788
115176
98793
115180
98800
115184
115188
98805
115192
98810
115199
98817
115203
98822
115207
98827
115211
115215
98834
115222
98839
115225
98844
115228
115231
115234
98851
115239
98856
115243
98861
115247
115251
98868
115255
98873
98878
115262
115266
98885
115270
98890
115274
115278
98895
115285
98902
115290
98907
115295
98912
115300
98919
115305
98924
98929
115314
115317
98936
115320
115323
98941
115326
98946
115331
115333
115335
98953
115337
115339
98958
115342
115346
98963
115350
98970
115354
115358
98975
98980
115365
115366
115367
115368
115369
115370
98987
115373
98992
115376
115379
98997
115382
115387
99004
115391
99009
115395
99014
115399
115403
99021
99026
115410
115414
99031
115418
99038
115422
115426
99043
99048
115433
115435
115437
99055
115439
115441
99060
115444
115446
115448
99065
115450
115452
115455
99072
115460
99077
115465
99082
115470
99089
115475
99094
99099
115484
115487
99106
115490
115493
99111
115496
99114
115501
99119
115505
99122
99125
115509
115513
99130
99131
115517
99134
99139
99140
115524
99143
115528
99148
115532
99149
99152
115536
115540
99157
99158
99161
115547
115549
99166
99167
115551
115553
99170
115555
115558
99175
99176
115562
99179
115566
99184
99185
115570
99188
115574
99193
99194
99197
115581
115584
99202
99203
115587
99206
115590
115593
99211
99212
115598
99215
115602
99220
99221
115606
99224
115610
99229
99230
115614
99233
115621
99238
99239
115624
99242
115627
115630
99247
99248
115633
99251
115638
99256
99257
115641
99260
115644
115647
99265
99266
115650
99269
115655
99274
99275
115659
99278
115663
99283
115667
99284
99287
115671
99292
99293
115678
99296
115681
115684
99301
99302
115687
99305
115690
99310
99311
115695
99314
115698
115701
99319
99320
115704
99323
115707
99328
115712
99329
115714
99332
115716
115718
115720
99337
99338
115723
99341
115727
99346
99347
115731
99350
115735
99355
115739
99356
99359
115746
99364
99365
115749
99368
115752
99371
115755
99372
115758
99377
115763
115766
99384
115769
115772
99389
115775
99394
115780
115784
99401
115788
99406
115792
99411
115796
99418
115803
115806
99423
115809
99428
115812
115815
99435
115820
115823
99440
115826
99445
115829
115832
99452
115837
115840
99457
115843
99462
115846
115849
99469
115854
99474
115858
115862
99479
115866
99486
115870
99491
115877
115879
99496
115881
115883
115885
99503
115888
115890
99508
115892
115894
115896
99513
115899
115903
99520
115907
99525
115911
99530
115915
99537
115922
99542
115926
115930
99547
115934
99554
115938
99559
115945
115947
99564
115949
115951
115953
99571
115956
115959
99576
115962
99581
115965
115968
99588
115973
99593
115977
115981
99598
115985
99605
115989
99610
115996
99615
115999
116002
116005
99622
116008
99627
116013
99632
116017
116021
99639
116025
99644
116029
99649
116036
116039
99656
116042
99661
116045
116048
99666
116053
99673
116057
116061
99678
116065
99683
116069
99690
116076
99695
116080
99700
116084
116088
99707
116092
99712
116099
99717
116102
116105
99724
116108
116111
99729
116116
99734
116119
116122
99741
116125
116128
99746
116133
99751
116138
99758
116143
99763
116148
99768
116153
99775
116162
99780
116166
99785
116170
116174
99792
116178
99797
116185
99802
116188
116191
99809
116194
116197
99814
116202
99819
116204
116206
116208
99826
116210
116213
99831
116217
99836
116221
116225
99843
116229
99848
116236
99853
116239
116242
99860
116245
116248
99865
116253
99870
116256
116259
99877
116262
116265
99882
116270
99887
116273
116276
99894
116279
116282
99899
116287
99904
116290
116293
99911
116296
116299
99916
116304
99921
116307
116310
99928
116313
116316
99933
116321
99938
116324
116327
99945
116330
116333
99950
116338
99955
116340
116342
116344
99962
116346
116349
99967
116352
116355
99972
116358
116361
99979
116366
99984
116369
116372
99989
116375
116378
99996
116383
100001
116386
116389
100006
116392
116395
100013
116400
116401
100018
116402
116403
116404
116405
100023
116410
100030
116415
100035
116420
100040
116425
100047
116434
100052
116437
116440
100057
116443
100062
116446
100063
100066
116451
100069
116454
100072
116457
116460
100077
116463
100082
100083
116468
116470
100088
116472
116474
116476
100093
116479
100096
116482
100099
116485
100102
100103
116488
116491
100108
116496
100113
100114
116499
116502
100119
116505
100124
116508
100127
116513
100130
116516
100133
100134
116519
116522
100139
116525
100144
100145
116530
100150
116534
116538
100155
100158
116542
100161
116546
100164
100165
116553
100170
116555
116557
100175
116559
100176
116561
116564
100181
116566
116568
100186
116570
116572
100189
116575
100192
116577
100195
116579
100196
116581
116583
100201
116586
116588
100206
116590
100207
116592
116594
100212
116597
100217
116602
100220
100223
116607
100226
100227
116612
100232
116617
100237
100238
116626
100243
116628
116630
100248
116632
116634
100251
116637
100254
116638
116639
116640
100257
116641
100258
116642
116645
100263
116648
116651
100268
100269
116654
100274
116659
116662
100279
116665
100282
116668
100285
116671
100288
100289
116676
116677
100294
116678
116679
116680
116681
100299
100300
116684
116687
100305
116690
116693
100310
100313
116698
100316
116701
100319
100320
116704
116707
100325
116710
100330
100331
116715
100336
116720
100341
116725
100344
116730
100347
100350
100351
116735
100356
116744
100361
100362
116746
116748
116750
100367
116752
116755
100372
116757
100375
116759
116761
100378
116763
100381
100382
116766
116769
100387
116772
116775
100392
100393
116778
100398
116783
116785
100403
116787
116789
100406
116791
100409
116794
100412
100413
116797
116800
100418
116803
116806
100423
100424
116811
100429
116813
116815
116817
100434
116819
100437
116822
100440
116824
116826
100443
100444
116828
116830
100449
116833
116835
116837
100454
100455
116839
116841
100460
116844
116846
116848
100465
116850
100468
116852
100471
116855
116857
100474
100475
116859
116861
116863
100480
116866
100485
116869
100486
116872
100491
116875
116878
100496
100499
116883
100502
116886
100505
116889
100506
116892
100511
116895
100516
116900
100517
116903
100522
116906
116909
100527
116912
100530
100533
116917
116919
100536
100537
116921
116923
116925
100542
116928
100547
100548
116932
116936
100553
116940
100558
116944
100561
100564
100567
116951
100568
116954
100573
116957
116960
100578
100579
116963
100584
116968
116971
100589
116974
100592
116977
100595
116980
100598
100599
116985
116987
100604
116989
116991
100609
116993
100610
116996
100615
116999
117002
100620
117005
100623
117008
100626
100629
117013
100630
117015
117017
100635
117019
117021
100640
117024
100641
117027
100646
117030
117033
100651
117036
100654
100657
117041
117043
100660
100661
117045
117047
117049
100666
117052
100671
100672
117056
117060
100677
117064
100682
117068
100685
100688
100691
117075
100692
117078
100697
117081
117084
100702
100703
117087
100708
117092
117094
117096
100713
117098
100716
117100
100719
117103
100722
117106
100723
117109
100728
117112
117115
100733
100734
117120
100739
117123
117126
100744
117129
100747
117132
100750
100753
117137
100754
117140
100759
117143
117146
100764
100765
117149
100770
117154
117157
100775
117160
100778
117163
100781
117166
100784
100785
117171
117173
100790
117175
117177
100795
117179
100796
117182
117183
117184
100801
117185
117186
117187
100806
117190
100809
117193
100812
117196
100815
117199
100816
117204
100821
117207
100826
117210
100827
117213
100832
117216
100837
117221
100840
117225
100843
117229
100846
100847
117233
100852
117237
100857
100858
117244
100863
117247
117250
100868
117253
100871
117256
100874
100877
117261
100878
117265
100883
117269
100888
100889
117273
117277
100894
100899
117284
117285
100902
117286
117287
117288
100905
117289
100908
117292
100909
117295
100914
117298
117301
100919
100920
117306
117308
100925
117310
117312
100930
117314
100933
117317
117319
100936
117321
100939
117323
100940
117325
117328
100945
117330
117332
100950
117334
100951
117336
117339
100956
117341
117343
100961
117345
117347
100964
117350
100967
117352
100970
117354
100971
117356
117358
100976
117361
117364
100981
100982
117367
117370
100987
117373
100992
117378
100995
117380
100998
117382
117384
101001
101002
117386
117389
101007
117391
117393
117395
101012
101013
117397
117400
101018
117403
117406
101023
117409
101026
117412
101029
101032
101033
117417
117419
117421
101038
117423
117425
101043
101044
117428
117430
117432
101049
117434
117436
101054
117439
101057
117441
117443
101060
117445
101063
117447
101064
117450
117451
117452
101069
117453
117454
117455
101074
117458
101075
117461
101080
117464
117467
101085
101088
117472
117474
101091
117476
101094
117478
101095
117480
117483
101100
117486
101105
117489
101106
117492
101111
117495
101116
117500
117501
117502
101119
117503
117504
117505
101122
117506
117507
117508
101125
117509
101126
117510
117513
101131
117516
117519
101136
101137
117522
101142
117527
101147
117531
101150
117535
101153
117539
101156
101157
117543
101162
117550
101167
117551
101168
117552
117553
117554
117555
101173
117558
117561
101178
117564
101181
117567
101184
101187
101188
117572
117574
117576
101193
117578
117580
101198
101199
117583
117584
117585
117586
117587
101204
117588
117591
101209
117594
101212
117597
101215
117600
101218
101219
117605
117607
101224
117609
117611
101229
117613
101230
117616
117618
101235
117620
117622
101240
117624
101243
117627
117629
101246
117631
101249
117633
101250
117635
117638
101255
117640
117642
101260
117644
101261
117646
117649
101266
117650
117651
117652
117653
117654
101271
117656
101274
117658
117660
101277
117662
101280
101281
117665
117667
117669
101286
117671
117673
101291
101292
117676
117678
117680
101297
117682
117684
101302
101303
117687
117689
101306
117691
101309
117693
101310
117695
101313
117698
101316
117700
117702
101319
117704
101322
117706
101325
117709
101328
117712
101331
117715
101334
117718
101337
117721
101340
117726
101343
117727
117728
117729
101346
117730
117731
101349
117733
117735
101352
117737
101355
117739
101358
117742
117743
117744
101361
117745
117746
117747
101364
117750
101367
117753
101370
117756
101373
117759
101376
101379
117764
101382
117767
101385
117770
117773
101390
117776
101397
117781
117784
117787
101404
117790
117793
101411
117798
117800
101418
117802
117804
117806
101425
117809
117812
117815
101432
117818
117821
101439
117826
117829
101446
117832
117835
101453
117838
117843
101460
117846
117849
101467
117852
117855
101474
117860
117861
117862
117863
117864
101481
117865
117866
117867
117868
117869
117870
101488
117873
117876
101495
117879
117882
101502
117887
117890
101509
117893
117896
117899
101516
117904
117906
101523
117908
117910
117912
101530
117915
117916
117917
117918
117919
117920
101537
117921
117922
117923
117924
117925
117926
117927
101544
117928
117929
117930
117933
101551
117936
117939
101558
117942
117947
101565
117949
117951
117953
117955
101572
117958
117961
101579
117964
117967
101586
117970
117975
117976
101593
117977
117978
117979
117980
117981
117982
117983
101600
117984
117985
117986
117987
117988
117989
117990
101607
117993
117996
101614
117999
118002
101621
118007
118008
118009
118010
118011
101628
118012
118015
118018
101635
118021
118024
101642
118029
118032
101649
118035
118038
101656
118041
118046
101663
118048
118050
118052
101670
118054
118057
118058
118059
118060
101677
118061
118062
118063
118064
118065
118066
118067
118069
101686
118071
118073
118075
101693
118078
118079
118080
118081
118082
118083
101700
118085
118087
118089
101707
118091
118094
118096
101714
118098
118100
118102
101721
118105
118106
118107
118108
118109
118110
118111
101728
118112
118113
118114
118115
118118
101735
118121
118124
101742
118127
118132
101749
118135
118138
101756
118141
118144
101763
118149
118151
118153
101770
118155
118157
118160
101777
118161
118162
118163
118164
118165
118166
118167
101784
118168
118169
118170
118173
101791
118176
118179
101798
118182
118187
101805
118189
118191
118193
118195
101812
118198
118199
118200
118201
118202
101819
118203
118205
118207
118209
101826
118211
118214
118216
101833
118218
118220
118222
101840
118225
118228
101847
118231
118234
118237
101854
118242
101861
118245
118248
118251
101868
118254
101875
118259
118261
118263
118265
101882
118267
118270
118272
101889
118274
101892
118276
118278
101895
118281
101898
118282
118283
118284
101901
118285
118286
118287
101904
118288
118289
118290
101907
118291
118293
101910
118295
101913
118297
118299
101916
118302
101919
118304
101922
118306
118308
101925
118310
101928
118313
118314
101931
118315
118316
118317
101934
118318
101937
118321
101940
118324
101943
118327
101946
118330
101949
118335
101952
118338
101955
118341
101958
118344
101961
118347
101964
101967
118352
101970
118355
101973
118358
101976
118361
101979
118364
101982
101985
118369
118371
101988
118373
101991
118375
118377
101994
118380
101997
118381
101998
118382
118383
118384
118385
118386
102003
118387
118388
118389
118390
118392
102010
118394
118396
118398
102015
118401
118403
102020
118405
118407
118409
102027
118412
118413
118414
118415
102032
118416
118417
118420
102037
118423
118426
102044
118429
102049
118434
118437
102054
118440
118443
102061
118446
102066
118451
118453
102071
118455
118457
118459
102078
118462
118464
118466
102083
118468
118470
102088
118473
118475
118477
102095
118479
118481
102100
118484
118487
102105
118490
118493
102112
118496
102117
118501
118503
118505
102122
118507
118509
118512
102129
118513
118514
118515
118516
118517
102134
118519
118521
102139
118523
118525
118528
102146
118530
118532
118534
102151
118536
118539
102156
118540
118541
118542
118543
118544
118546
102163
118548
118550
102168
118552
118555
118556
102173
118557
118558
118559
118560
118563
102180
118566
102185
118569
118572
102190
118577
118580
102197
118583
102202
118586
118589
102207
118594
118596
102214
118598
118600
118602
102219
118605
102224
118608
118611
118614
102231
118617
102236
118622
118624
102241
118626
118628
118630
102248
118633
118635
102253
118637
118639
118641
102258
118644
118645
118646
118647
118648
102265
118649
118650
118651
118652
118653
102270
118654
118657
102275
118660
118663
102282
118666
102287
118671
118674
102292
118677
118680
102299
118683
102304
118688
118690
118692
102309
118694
118696
118699
102316
118701
118703
102321
118705
118707
102326
118710
118712
118714
118716
102333
118718
118721
102338
118724
102343
118727
118730
118733
102350
118738
102355
118739
118740
118741
118742
118743
102360
118745
118747
118749
102367
118751
118754
102372
118756
118758
118760
102377
118762
118765
118766
118767
102384
118768
118769
118770
102389
118774
102394
118778
118782
102401
118786
102406
118793
118794
102411
118795
118796
118797
118798
118800
102418
118802
118804
118806
102423
118809
118811
102428
118813
118815
118817
102435
118820
118822
102440
118824
118826
118828
102445
118831
118832
118833
118834
118835
102452
118836
118838
118840
102457
118842
118844
102462
118847
118848
118849
118850
118851
118852
102469
118853
118854
118855
118856
118857
102474
118860
102479
118863
118866
118869
102486
118874
102491
118877
102496
118880
118883
118886
102503
118891
102508
118893
118895
102513
118897
118899
118902
102520
118904
118906
118908
102525
118910
118913
102530
118915
118917
118919
102537
118921
118924
118925
102542
118926
118927
118928
118929
102547
118932
118935
102554
118938
118941
102559
118946
102564
118948
118950
118952
118954
102571
118957
102576
118960
118963
102581
118966
118969
102588
118974
118976
102593
118978
118980
102598
118982
118985
118987
102605
118989
118991
118993
102610
118996
118998
102615
119000
119002
119004
102622
119007
119008
119009
119010
102627
119011
119012
119013
119014
119015
102632
119016
119017
119019
119021
102639
119023
119025
102644
119028
119031
102649
119034
119037
102656
119040
102661
119045
119047
119049
102666
119051
119053
119056
102673
119057
119058
119059
119060
119061
102678
119063
119065
102683
119067
119069
119072
119073
102690
119074
119075
119076
119077
102695
119079
119081
119083
102700
119085
119088
102705
102706
119090
119092
102709
119094
119096
102714
102715
119099
102718
119102
119105
102723
102724
119108
102727
119111
102732
119116
102733
119118
102736
119120
119122
119124
102741
102742
119127
119128
102745
119129
119130
119131
119132
102750
119134
102751
119136
102754
119138
119140
102759
119143
102760
119144
119145
119146
102763
119147
119148
119149
119150
119151
102768
119152
102769
119153
119154
119155
102772
119156
119157
119158
102777
119161
102778
119164
102781
119167
102786
119170
102787
102790
119175
119176
119177
119178
102795
119179
102796
119180
102799
119183
119186
102804
102805
119189
102808
119192
102813
119197
102814
119199
102817
119201
119203
119205
102822
102823
119208
102826
119210
119212
119214
102831
102832
119216
102835
119219
119222
102840
102841
119225
102844
119228
119231
102849
102850
119236
102853
119237
119238
119239
119240
119241
102858
119242
102859
119243
119244
119245
102862
119246
119247
119248
119249
119250
102867
119251
102868
119253
102871
119255
119257
119259
102876
102877
119262
119263
102880
119264
119265
119266
119267
102885
102886
119270
102889
119273
119276
102894
102895
119279
102898
119284
119285
119286
102903
119287
102904
119288
119289
102907
119291
119293
119295
102912
102913
119297
102916
119300
119302
119304
102921
102922
119306
119308
102925
119311
119312
119313
102930
119314
102931
119315
119316
102934
119319
119322
102939
102940
119325
102943
119328
102948
102949
119333
102952
119336
102955
119339
102956
119342
119345
102963
119350
119352
102970
119354
119356
102973
119358
119361
119363
102980
119365
119367
119369
102987
119372
102990
119374
119376
119378
119380
102997
119383
119384
119385
119386
119387
103004
119388
119390
103007
119392
119394
119396
103014
119399
119400
119401
119402
119403
119404
103021
119405
119406
119407
103024
119408
119409
119412
103031
119415
119418
119421
103038
103041
119426
119428
119430
103048
119432
119434
119437
103055
119439
119441
103058
119443
119445
119448
103065
119450
119452
119454
103072
119456
103075
119459
119460
119461
119462
119463
119464
119465
103082
119466
119467
119468
119469
119471
103089
119473
119475
103092
119477
119480
103099
119483
119486
119489
103106
119492
103109
119497
119499
103116
119501
119503
119505
103123
119508
103126
119510
119512
119514
119516
103133
119519
119520
119521
119522
119523
103140
119524
119525
119526
103143
119527
119528
119529
119531
119533
103150
119535
119537
119540
103157
119541
119542
119543
103160
119544
119545
119547
119549
103167
119551
119553
119556
103174
119558
119560
103177
119562
119564
119567
103184
119569
119571
119573
103191
119575
103194
119578
119580
119582
119584
103201
119586
119589
119590
119591
103208
119592
119593
119594
103211
119595
119596
119597
119598
119599
119600
119601
103218
119602
119603
119604
119608
103225
103228
119612
119616
103235
119620
103242
119627
103245
119629
119631
119633
119635
103252
119638
119642
103259
103262
119646
119650
103269
119654
103276
119661
119662
103279
119663
119664
119665
119666
119669
103286
119672
119675
103293
119678
103296
119683
119685
103303
119687
119689
119691
103310
119694
119696
103313
119698
119700
119702
103320
119705
119707
119709
103327
119711
119713
103330
119716
119718
119720
103337
119722
119724
119727
103344
119729
103347
119731
119733
119735
103354
119738
119739
119740
119741
119742
119743
103361
119747
103364
119751
103371
119755
119759
103378
103381
119766
119768
119770
103388
119772
119774
119777
103395
119780
103398
119783
119786
103405
119789
119794
103412
119796
119798
103415
119800
119802
119805
103422
119806
119807
119808
119809
119810
119811
119812
103429
119813
119814
119815
103432
119817
119819
119821
103439
119823
119826
119828
103446
119830
119832
103449
119834
119837
119839
103456
119841
119843
119845
103463
119848
119849
103466
119850
119851
119852
119853
119856
103473
119859
119862
103480
119865
103483
119870
119873
103490
119876
119879
103497
119882
103500
119887
119889
103507
119891
119893
119895
103514
119898
103517
119901
119904
119907
103524
119910
103531
119915
119917
103534
119919
119921
119923
103541
119926
119928
119930
103548
119932
119934
103551
119937
119938
119939
119940
119941
103558
119942
119943
119944
119945
119946
119947
103565
119949
119951
103568
119953
119955
119958
103575
119961
119964
103582
119967
103585
119970
119975
103592
119977
119979
119981
103599
119983
103602
119986
119987
119988
119989
119990
119991
119992
103609
119993
119994
119995
119996
119999
103616
120002
103619
120005
120008
103626
120013
120016
103633
120019
103636
120022
120025
103643
120030
103648
103649
120033
103652
120036
103655
120039
103656
120042
103661
120047
120049
103666
103667
120051
120053
120055
103674
120058
120059
120060
120061
120062
103679
120063
103680
120064
120065
120066
103683
120067
120068
120069
103686
120070
103687
120071
120072
120073
103692
120076
120079
103697
103698
120082
120085
103705
120090
120093
103710
103711
120096
103714
120099
103717
103718
120102
103723
120107
120109
120111
103728
103729
120113
120115
120118
120119
103736
120120
120121
120122
120123
120124
103741
120125
103742
120126
120127
120128
103745
120130
103748
120132
103749
120134
120136
103754
120139
120141
103759
120143
103760
120145
120147
120150
103767
120153
103772
120156
103773
120159
103776
120162
103779
103780
120167
103785
120171
103790
103791
120175
120179
103798
120183
103803
103804
120190
103807
120191
120192
120193
103810
120194
103811
120195
120198
103816
120201
120204
103821
103822
120207
120212
103829
120214
120216
103834
120218
103835
120220
103838
120223
103841
120225
103842
120227
120229
103847
120231
120234
120235
103852
120236
103853
120237
120238
120239
120241
120243
103860
120245
120247
103865
103866
120250
103869
120254
103872
103873
120258
103878
120262
120266
103883
103884
120273
103891
120276
120279
103896
103897
120282
103900
120285
103903
103904
120290
120292
103909
120294
120296
103914
120298
103915
120301
120302
120303
120304
120305
103922
120306
120308
120310
103927
103928
120312
120314
103931
120317
103934
103935
120319
120321
120323
103940
120325
120328
103945
103946
120330
120332
120334
120336
103953
120339
120340
120341
103958
120342
103959
120343
120344
103962
120346
120348
103965
103966
120350
120352
103971
120355
120356
120357
120358
120359
103976
120360
103977
120363
120366
103984
120369
120372
103989
103990
103993
120377
103996
120380
103997
120383
104002
120386
120389
104007
104008
120394
120396
120398
104015
120400
120402
104020
104021
120405
104024
120408
104027
120411
104028
120414
104033
120417
104038
120422
104039
120423
120424
120425
120426
120427
120428
120429
104046
120430
120431
120432
120434
104051
104052
120436
120438
104055
120440
104058
104059
120443
120445
120447
104064
120449
120451
104069
104070
120454
120457
120460
104077
120463
104082
120466
104083
104086
120471
104089
120473
104090
120475
120477
104095
120479
120482
104100
104101
120485
120488
120491
104108
120494
104113
104114
120499
104117
120501
120503
104120
104121
120505
120507
104126
120510
120511
120512
120513
120514
104131
120515
104132
120517
120519
120521
104139
120523
120526
104144
104145
120529
104148
120532
104151
120535
104152
120538
104157
120543
120545
104162
104163
120547
120549
120551
104170
120554
120556
120558
104175
104176
120560
120562
104179
120565
104182
104183
120569
104188
120573
104193
120577
104194
120581
104201
120588
104206
120590
104207
120592
104210
120594
120596
104213
104214
120599
120601
104219
120603
120605
120607
104224
104225
120610
120613
104232
120616
120619
104237
104238
120622
104241
120627
104244
120628
104245
120629
120630
120631
120632
104250
120634
120636
120638
104255
104256
120640
120643
120645
104263
120647
120649
120651
104268
104269
120654
104272
120657
104275
104276
120660
120663
104281
120666
104286
104287
120671
120673
120675
120677
104294
120679
120682
104299
104300
120684
120686
104303
120688
104306
120690
104307
120693
120695
104312
120697
120699
104317
120701
104318
120704
120705
120706
120707
120708
104325
120709
120713
104330
104331
120717
104334
104337
120721
104338
120725
104343
104348
120732
104349
120735
120738
104356
120741
120744
104361
104362
104365
120749
104368
120752
104369
120755
104374
120758
120761
104379
104380
120766
120768
120770
104387
120772
120774
104392
104393
120777
120778
120779
104396
120780
120781
120782
104399
104400
120784
120786
120788
104405
120790
120793
104410
104411
120795
120797
120799
120801
104418
120804
104423
120807
104424
120810
104427
120813
104430
104431
120816
104436
120821
120823
104441
120825
104442
120827
120829
120832
104449
120835
104454
120838
104455
120841
104458
120844
104461
104462
120849
104467
120851
120853
120855
104472
104473
120857
120860
120861
120862
120863
120864
104480
120865
120869
104485
104486
120873
104489
104492
120877
104493
120881
104498
104503
120888
104504
120890
120892
120894
104511
120896
120899
104516
104517
120902
104520
120905
104523
120908
104524
120911
104529
120916
120917
120918
104534
120919
104535
120920
120921
120922
120923
120924
120925
120926
104542
120928
120930
104547
120932
104548
120934
104551
120937
104554
104555
120940
120943
104560
120946
120949
104565
104566
120954
104573
120958
120962
104578
104579
120966
104582
104585
120970
104586
104591
120977
120979
104596
120981
104597
120983
120985
120988
104604
120989
120990
120991
120992
120993
104609
104610
120995
120997
104613
120999
104616
121001
104617
121004
121005
121006
104622
121007
121008
121009
121010
121011
104627
121012
104628
121013
104635
104640
104641
104644
104647
104648
104653
104658
104659
104666
104671
104672
104675
104678
104679
104684
104689
104690
104697
104702
104703
104706
104709
104710
104715
104720
104721
104728
104733
104734
104737
104740
104741
104746
104751
104752
104759
104764
104765
104768
104771
104772
104777
104782
104783
104790
104795
104796
104799
104802
104803
104808
104813
104814
104821
104826
104827
104830
104833
104834
104839
104844
104845
104852
104857
104858
104861
104864
104865
104870
104875
104876
104881
104886
104887
104890
104893
104894
104898
104902
104906
104910
104917
104921
104925
104929
104933
104940
104944
104948
104952
104956
104963
104967
104971
104975
104979
104986
104990
104994
104998
105002
105009
105012
105015
105018
105021
105026
105029
105032
105035
105038
105043
105047
105051
105055
105059
105066
105069
105072
105075
105078
105083
105087
105091
105095
105099
105106
105110
105114
105118
105122
105129
105132
105135
105138
105141
105146
105150
105154
105158
105162
105169
105173
105177
105181
105185
105192
105195
105198
105201
105204
105209
105213
105217
105221
105225
105232
105236
105240
105244
105248
105255
105258
105261
105264
105267
105272
105275
105278
105281
105284
105289
105294
105299
105304
105309
105318
105322
105326
105330
105334
105341
105346
105351
105356
105361
105370
105375
105380
105385
105390
105399
105403
105407
105411
105415
105422
105426
105430
105434
105438
105445
105450
105455
105460
105465
105474
105479
105484
105489
105494
105503
105507
105511
105515
105519
105526
105530
105534
105538
105542
105549
105554
105559
105564
105569
105578
105583
105588
105593
105598
105607
105612
105617
105622
105627
105636
105640
105644
105648
105652
105659
105664
105669
105674
105679
105688
105693
105698
105703
105708
105717
105721
105725
105729
105733
105740
105744
105748
105752
105756
105763
105768
105773
105778
105783
105792
105796
105800
105804
105808
105815
105819
105823
105827
105831
105838
105843
105848
105853
105858
105867
105870
105873
105876
105879
105884
105887
105890
105893
105896
105901
105905
105909
105913
105917
105924
105929
105934
105939
105944
105953
105956
105959
105962
105965
105970
105974
105978
105982
105986
105993
105997
106001
106005
106009
106016
106020
106024
106028
106032
106039
106043
106047
106051
106055
106062
106066
106070
106074
106078
106085
106089
106093
106097
106101
106108
106113
106118
106123
106128
106137
106141
106145
106149
106153
106160
106164
106168
106172
106176
106183
106187
106191
106195
106199
106206
106210
106214
106218
106222
106229
106234
106239
106244
106249
106258
106262
106266
106270
106274
106281
106284
106287
106290
106293
106298
106302
106306
106310
106314
106321
106326
106331
106336
106341
106350
106354
106358
106362
106366
106373
106377
106381
106385
106389
106396
106401
106406
106411
106416
106425
106428
106431
106434
106437
106442
106445
106448
106451
106454
106459
106463
106467
106471
106475
106482
106486
106490
106494
106498
106505
106509
106513
106517
106521
106528
106531
106534
106537
106540
106545
106549
106553
106557
106561
106568
106572
106576
106580
106584
106591
106594
106597
106600
106603
106608
106611
106614
106617
106620
106625
106629
106633
106637
106641
106648
106652
106656
106660
106664
106671
106676
106681
106686
106691
106700
106705
106710
106715
106720
106729
106733
106737
106741
106745
106752
106757
106762
106767
106772
106781
106785
106789
106793
106797
106804
106808
106812
106816
106820
106827
106831
106835
106839
106843
106850
106853
106856
106859
106862
106867
106871
106875
106879
106883
106890
106894
106898
106902
106906
106913
106917
106921
106925
106929
106936
106940
106944
106948
106952
106959
106963
106967
106971
106975
106982
106986
106990
106994
106998
107005
107008
107011
107014
107017
107022
107026
107030
107034
107038
107045
107049
107053
107057
107061
107068
107071
107074
107077
107080
107085
107088
107091
107094
107097
107102
107106
107110
107114
107118
107125
107128
107131
107134
107137
107142
107145
107148
107151
107154
107159
107163
107167
107171
107175
107182
107186
107190
107194
107198
107205
107210
107215
107220
107225
107234
107238
107242
107246
107250
107257
107261
107265
107269
107273
107280
107285
107290
107295
107300
107309
107313
107317
107321
107325
107332
107336
107340
107344
107348
107355
107358
107361
107364
107367
107372
107377
107382
107387
107392
107401
107404
107407
107410
107413
107418
107422
107426
107430
107434
107441
107445
107449
107453
107457
107464
107467
107470
107473
107476
107481
107484
107487
107490
107493
107498
107502
107506
107510
107514
107521
107524
107527
107530
107533
107538
107541
107544
107547
107550
107555
107559
107563
107567
107571
107578
107581
107584
107587
107590
107595
107598
107601
107604
107607
107612
107615
107618
107621
107624
107629
107632
107635
107638
107641
107646
107649
107652
107655
107658
107663
107666
107669
107672
107675
107680
107683
107686
107689
107692
107697
107700
107703
107706
107709
107714
107718
107722
107726
107730
107737
107740
107743
107746
107749
107754
107757
107760
107763
107766
107771
107776
107781
107786
107791
107800
107802
107804
107806
107808
107811
107813
107815
107817
107819
107822
107826
107830
107834
107838
107845
107849
107853
107857
107861
107868
107871
107874
107877
107880
107885
107889
107893
107897
107901
107908
107913
107918
107923
107928
107937
107940
107943
107946
107949
107954
107957
107960
107963
107966
107971
107974
107977
107980
107983
107988
107993
107998
108003
108008
108017
108022
108027
108032
108037
108046
108050
108054
108058
108062
108069
108072
108075
108078
108081
108086
108089
108092
108095
108098
108103
108108
108113
108118
108123
108132
108136
108140
108144
108148
108155
108158
108161
108164
108167
108172
108175
108178
108181
108184
108189
108192
108195
108198
108201
108206
108209
108212
108215
108218
108223
108226
108229
108232
108235
108240
108244
108248
108252
108256
108263
108267
108271
108275
108279
108286
108289
108292
108295
108298
108303
108306
108309
108312
108315
108320
108324
108328
108332
108336
108343
108346
108349
108352
108355
108360
108363
108366
108369
108372
108377
108382
108387
108392
108397
108406
108408
108410
108412
108414
108417
108421
108425
108429
108433
108440
108445
108450
108455
108460
108469
108471
108473
108475
108477
108480
108482
108484
108486
108488
108491
108496
108501
108506
108511
108520
108523
108526
108529
108532
108537
108540
108543
108546
108549
108554
108556
108558
108560
108562
108565
108569
108573
108577
108581
108588
108590
108592
108594
108596
108599
108603
108607
108611
108615
108622
108626
108630
108634
108638
108645
108647
108649
108651
108653
108656
108660
108664
108668
108672
108679
108682
108685
108688
108691
108696
108698
108700
108702
108704
108707
108712
108717
108722
108727
108736
108739
108742
108745
108748
108753
108757
108761
108765
108769
108776
108779
108782
108785
108788
108793
108796
108799
108802
108805
108810
108812
108814
108816
108818
108821
108825
108829
108833
108837
108844
108846
108848
108850
108852
108855
108860
108865
108870
108875
108884
108887
108890
108893
108896
108901
108904
108907
108910
108913
108918
108921
108924
108927
108930
108935
108940
108945
108950
108955
108964
108967
108970
108973
108976
108981
108985
108989
108993
108997
109004
109007
109010
109013
109016
109021
109024
109027
109030
109033
109038
109042
109046
109050
109054
109061
109065
109069
109073
109077
109084
109087
109090
109093
109096
109101
109105
109109
109113
109117
109124
109127
109130
109133
109136
109141
109144
109147
109150
109153
109158
109161
109164
109167
109170
109175
109179
109183
109187
109191
109198
109200
109202
109204
109206
109209
109211
109213
109215
109217
109220
109224
109228
109232
109236
109243
109245
109247
109249
109251
109254
109257
109260
109263
109266
109271
109274
109277
109280
109283
109288
109289
109290
109291
109292
109293
109296
109299
109302
109305
109310
109314
109318
109322
109326
109333
109335
109337
109339
109341
109344
109347
109350
109353
109356
109361
109364
109367
109370
109373
109378
109380
109382
109384
109386
109389
109391
109393
109395
109397
109400
109404
109408
109412
109416
109423
109425
109427
109429
109431
109434
109438
109442
109446
109450
109457
109460
109463
109466
109469
109474
109476
109478
109480
109482
109485
109487
109489
109491
109493
109496
109500
109504
109508
109512
109519
109521
109523
109525
109527
109530
109532
109534
109536
109538
109541
109545
109549
109553
109557
109564
109566
109568
109570
109572
109575
109578
109581
109584
109587
109592
109595
109598
109601
109604
109609
109610
109611
109612
109613
109614
109616
109618
109620
109622
109625
109628
109631
109634
109637
109642
109644
109646
109648
109650
109653
109656
109659
109662
109665
109670
109672
109674
109676
109678
109681
109683
109685
109687
109689
109692
109696
109700
109704
109708
109715
109718
109721
109724
109727
109732
109734
109736
109738
109740
109743
109748
109753
109758
109763
109772
109776
109780
109784
109788
109795
109799
109803
109807
109811
109818
109821
109824
109827
109830
109835
109839
109843
109847
109851
109858
109861
109864
109867
109870
109875
109880
109885
109890
109895
109904
109907
109910
109913
109916
109921
109924
109927
109930
109933
109938
109941
109944
109947
109950
109955
109958
109961
109964
109967
109972
109975
109978
109981
109984
109989
109992
109995
109998
110001
110006
110011
110016
110021
110026
110035
110038
110041
110044
110047
110052
110055
110058
110061
110064
110069
110071
110073
110075
110077
110080
110084
110088
110092
110096
110103
110105
110107
110109
110111
110114
110118
110122
110126
110130
110137
110140
110143
110146
110149
110154
110157
110160
110163
110166
110171
110173
110175
110177
110179
110182
110185
110188
110191
110194
110199
110202
110205
110208
110211
110216
110218
110220
110222
110224
110227
110228
110229
110230
110231
110232
110236
110240
110244
110248
110255
110258
110261
110264
110267
110272
110277
110282
110287
110292
110301
110305
110309
110313
110317
110324
110325
110326
110327
110328
110329
110332
110335
110338
110341
110346
110350
110354
110358
110362
110369
110371
110373
110375
110377
110380
110384
110388
110392
110396
110403
110407
110411
110415
110419
110426
110430
110434
110438
110442
110449
110454
110459
110464
110469
110478
110481
110484
110487
110490
110495
110498
110501
110504
110507
110512
110516
110520
110524
110528
110535
110538
110541
110544
110547
110552
110555
110558
110561
110564
110569
110572
110575
110578
110581
110586
110589
110592
110595
110598
110603
110608
110613
110618
110623
110632
110634
110636
110638
110640
110643
110645
110647
110649
110651
110654
110658
110662
110666
110670
110677
110680
110683
110686
110689
110694
110697
110700
110703
110706
110711
110712
110713
110714
110715
110716
110718
110720
110722
110724
110727
110729
110731
110733
110735
110738
110741
110744
110747
110750
110755
110758
110761
110764
110767
110772
110775
110778
110781
110784
110789
110793
110797
110801
110805
110812
110815
110818
110821
110824
110829
110831
110833
110835
110837
110840
110843
110846
110849
110852
110857
110862
110867
110872
110877
110886
110889
110892
110895
110898
110903
110905
110907
110909
110911
110914
110917
110920
110923
110926
110931
110934
110937
110940
110943
110948
110951
110954
110957
110960
110965
110968
110971
110974
110977
110982
110984
110986
110988
110990
110993
110997
111001
111005
111009
111016
111020
111024
111028
111032
111039
111042
111045
111048
111051
111056
111058
111060
111062
111064
111067
111071
111075
111079
111083
111090
111092
111094
111096
111098
111101
111105
111109
111113
111117
111124
111128
111132
111136
111140
111147
111151
111155
111159
111163
111170
111173
111176
111179
111182
111187
111192
111197
111202
111207
111216
111221
111226
111231
111236
111245
111248
111251
111254
111257
111262
111265
111268
111271
111274
111279
111282
111285
111288
111291
111296
111301
111306
111311
111316
111325
111330
111335
111340
111345
111354
111357
111360
111363
111366
111371
111374
111377
111380
111383
111388
111393
111398
111403
111408
111417
111422
111427
111432
111437
111446
111450
111454
111458
111462
111469
111472
111475
111478
111481
111486
111489
111492
111495
111498
111503
111506
111509
111512
111515
111520
111525
111530
111535
111540
111549
111554
111559
111564
111569
111578
111581
111584
111587
111590
111595
111598
111601
111604
111607
111612
111616
111620
111624
111628
111635
111639
111643
111647
111651
111658
111661
111664
111667
111670
111675
111678
111681
111684
111687
111692
111696
111700
111704
111708
111715
111717
111719
111721
111723
111726
111730
111734
111738
111742
111749
111753
111757
111761
111765
111772
111776
111780
111784
111788
111795
111798
111801
111804
111807
111812
111815
111818
111821
111824
111829
111832
111835
111838
111841
111846
111848
111850
111852
111854
111857
111860
111863
111866
111869
111874
111877
111880
111883
111886
111891
111895
111899
111903
111907
111914
111916
111918
111920
111922
111925
111930
111935
111940
111945
111954
111959
111964
111969
111974
111983
111986
111989
111992
111995
112000
112003
112006
112009
112012
112017
112022
112027
112032
112037
112046
112051
112056
112061
112066
112075
112079
112083
112087
112091
112098
112101
112104
112107
112110
112115
112118
112121
112124
112127
112132
112137
112142
112147
112152
112161
112166
112171
112176
112181
112190
112193
112196
112199
112202
112207
112210
112213
112216
112219
112224
112229
112234
112239
112244
112253
112258
112263
112268
112273
112282
112285
112288
112291
112294
112299
112302
112305
112308
112311
112316
112319
112322
112325
112328
112333
112335
112337
112339
112341
112344
112349
112354
112359
112364
112373
112376
112379
112382
112385
112390
112392
112394
112396
112398
112401
112403
112405
112407
112409
112412
112416
112420
112424
112428
112435
112437
112439
112441
112443
112446
112447
112448
112449
112450
112451
112453
112455
112457
112459
112462
112464
112466
112468
112470
112473
112477
112481
112485
112489
112496
112499
112502
112505
112508
112513
112516
112519
112522
112525
112530
112535
112540
112545
112550
112559
112562
112565
112568
112571
112576
112580
112584
112588
112592
112599
112602
112605
112608
112611
112616
112617
112618
112619
112620
112621
112624
112627
112630
112633
112638
112643
112648
112653
112658
112667
112669
112671
112673
112675
112678
112681
112684
112687
112690
112695
112699
112703
112707
112711
112718
112719
112720
112721
112722
112723
112726
112729
112732
112735
112740
112744
112748
112752
112756
112763
112766
112769
112772
112775
112780
112783
112786
112789
112792
112797
112802
112807
112812
112817
112826
112828
112830
112832
112834
112837
112841
112845
112849
112853
112860
112861
112862
112863
112864
112865
112870
112875
112880
112885
112894
112898
112902
112906
112910
112917
112920
112923
112926
112929
112934
112938
112942
112946
112950
112957
112962
112967
112972
112977
112986
112989
112992
112995
112998
113003
113005
113007
113009
113011
113014
113019
113024
113029
113034
113043
113046
113049
113052
113055
113060
113063
113066
113069
113072
113077
113080
113083
113086
113089
113094
113096
113098
113100
113102
113105
113109
113113
113117
113121
113128
113133
113138
113143
113148
113157
113160
113163
113166
113169
113174
113178
113182
113186
113190
113197
113200
113203
113206
113209
113214
113217
113220
113223
113226
113231
113232
113233
113234
113235
113236
113240
113244
113248
113252
113259
113262
113265
113268
113271
113276
113279
113282
113285
113288
113293
113296
113299
113302
113305
113310
113315
113320
113325
113330
113339
113342
113345
113348
113351
113356
113360
113364
113368
113372
113379
113382
113385
113388
113391
113396
113399
113402
113405
113408
113413
113414
113415
113416
113417
113418
113422
113426
113430
113434
113441
113445
113449
113453
113457
113464
113467
113470
113473
113476
113481
113483
113485
113487
113489
113492
113495
113498
113501
113504
113509
113513
113517
113521
113525
113532
113535
113538
113541
113544
113549
113552
113555
113558
113561
113566
113571
113576
113581
113586
113595
113598
113601
113604
113607
113612
113616
113620
113624
113628
113635
113636
113637
113638
113639
113640
113644
113648
113652
113656
113663
113666
113669
113672
113675
113680
113683
113686
113689
113692
113697
113700
113703
113706
113709
113714
113717
113720
113723
113726
113731
113736
113741
113746
113751
113760
113764
113768
113772
113776
113783
113784
113785
113786
113787
113788
113792
113796
113800
113804
113811
113813
113815
113817
113819
113822
113825
113828
113831
113834
113839
113843
113847
113851
113855
113862
113865
113868
113871
113874
113879
113882
113885
113888
113891
113896
113898
113900
113902
113904
113907
113910
113913
113916
113919
113924
113927
113930
113933
113936
113941
113944
113947
113950
113953
113958
113961
113964
113967
113970
113975
113977
113979
113981
113983
113986
113990
113994
113998
114002
114009
114013
114017
114021
114025
114032
114035
114038
114041
114044
114049
114052
114055
114058
114061
114066
114069
114072
114075
114078
114083
114087
114091
114095
114099
114106
114109
97726
114112
97729
114115
97732
114118
97735
97738
114123
97741
114125
114127
97744
114129
97747
114131
97750
114134
114136
97753
114138
97756
114140
114142
97759
114145
97762
114147
97765
114149
114151
97768
114153
97771
114156
97774
114160
97777
97780
114164
97783
114168
97786
114172
97789
97792
97795
114179
97798
114182
97801
114185
114188
97806
114191
114196
97813
114199
114202
97820
114205
114208
97827
114213
114216
97834
114219
114222
97841
114225
114230
97848
114234
114238
97855
114242
97862
114246
97869
114253
114257
97876
114261
114265
97883
114269
97890
114276
114279
97897
114282
114285
97904
114288
114293
97911
114295
114297
114299
114301
97918
114304
114308
97925
114312
97932
114316
114320
97939
114327
97946
114331
114335
97953
114339
114343
97960
114350
97967
114353
114356
97974
114359
114362
97981
114367
114370
97988
114373
114376
97995
114379
114384
98002
114386
114388
114390
114392
98009
114395
114398
98016
114401
114404
98023
114407
114412
98030
114414
114416
114418
114420
98037
114423
114425
114427
98044
114429
114431
114434
98051
114437
114440
98058
114443
114446
98065
114451
114454
98072
114457
114460
98079
114463
114468
98086
114471
114474
98093
114477
114480
114485
98102
114488
114491
98109
114494
114497
98116
114502
114506
98123
114510
98130
114514
114518
98137
114525
114527
98144
114529
114531
114533
98151
114536
114539
98158
114542
114545
114548
98165
114553
98172
114556
114559
114562
98179
114565
98186
114570
114572
114574
114576
98193
114578
114581
98200
114584
114587
114590
98207
114593
98214
114598
114602
98221
114606
114610
98228
114614
98235
114621
114624
98242
114627
114630
98249
114633
114638
98256
114642
114646
98263
114650
98270
114654
98277
114661
114665
98284
114669
114673
98291
114677
98298
114684
)


// ************************************************************************* //
