/*--------------------------------*- C++ -*----------------------------------*\
| =========                 |                                                 |
| \\      /  F ield         | OpenFOAM: The Open Source CFD Toolbox           |
|  \\    /   O peration     | Version:  2512                                  |
|   \\  /    A nd           | Website:  www.openfoam.com                      |
|    \\/     M anipulation  |                                                 |
\*---------------------------------------------------------------------------*/
FoamFile
{
    version     2.0;
    format      ascii;
    arch        "LSB;label=32;scalar=64";
    class       faceSet;
    location    "constant/polyMesh/sets";
    object      layerFaces;
}
// * * * * * * * * * * * * * * * * * * * * * * * * * * * * * * * * * * * * * //


6754
(
114694
114698
114702
114706
114710
114717
114720
114723
114726
114729
114734
114737
114740
114743
114746
114751
114755
114759
114763
114767
114774
114776
114778
114780
114782
114785
114787
114789
114791
114793
114796
114799
114802
114805
114808
114813
114816
114819
114822
114825
114830
114834
114838
114842
114846
114853
114856
114859
114862
114865
114870
114874
114878
114882
114886
114893
114896
114899
114902
114905
114910
114914
114918
114922
114926
114933
114935
114937
114939
114941
114944
114947
114950
114953
114956
114961
114965
114969
114973
114977
114984
114987
114990
114993
114996
115001
115004
115007
115010
115013
115018
115022
115026
115030
115034
115041
115043
115045
115047
115049
115052
115055
115058
115061
115064
115069
115072
115075
115078
115081
115086
115089
115092
115095
115098
115103
115106
115109
115112
115115
115120
115124
115128
115132
115136
115143
115146
115149
115152
115155
115160
115165
115170
115175
115180
115189
115193
115197
115201
115205
115212
115214
115216
115218
115220
115223
115227
115231
115235
115239
115246
115249
115252
115255
115258
115263
115267
115271
115275
115279
115286
115289
115292
115295
115298
115303
115305
115307
115309
115311
115314
115319
115324
115329
115334
115343
115345
115347
115349
115351
115354
115356
115358
115360
115362
115365
115367
115369
115371
115373
115376
115379
115382
115385
115388
115393
115395
115397
115399
115401
115404
115407
115410
115413
115416
115421
115426
115431
115436
115441
115450
115454
115458
115462
115466
115473
115477
115481
115485
115489
115496
115500
115504
115508
115512
115519
115523
115527
115531
115535
115542
115547
115552
115557
115562
115571
115574
115577
115580
115583
115588
115591
115594
115597
115600
115605
115607
115609
115611
115613
115616
115620
115624
115628
115632
115639
115642
115645
115648
115651
115656
115660
115664
115668
115672
115679
115682
115685
115688
115691
115696
115699
115702
115705
115708
115713
115716
115719
115722
115725
115730
115732
115734
115736
115738
115741
115743
115745
115747
115749
115752
115755
115758
115761
115764
115769
115773
115777
115781
115785
115792
115795
115798
115801
115804
115809
115812
115815
115818
115821
115826
115829
115832
115835
115838
115843
115846
115849
115852
115855
115860
115864
115868
115872
115876
115883
115886
115889
115892
115895
115900
115902
115904
115906
115908
115911
115914
115917
115920
115923
115928
115930
115932
115934
115936
115939
115941
115943
115945
115947
115950
115954
115958
115962
115966
115973
115976
115979
115982
115985
115990
115993
115996
115999
116002
116007
116010
116013
116016
116019
116024
116027
116030
116033
116036
116041
116043
116045
116047
116049
116052
116054
116056
116058
116060
116063
116065
116067
116069
116071
116074
116077
116080
116083
116086
116091
116095
116099
116103
116107
116114
116117
116120
116123
116126
116131
116134
116137
116140
116143
116148
116151
116154
116157
116160
116165
116168
116171
116174
116177
116182
116186
116190
116194
116198
116205
116208
116211
116214
116217
116222
116224
116226
116228
116230
116233
116236
116239
116242
116245
116250
116252
116254
116256
116258
116261
116263
116265
116267
116269
116272
116276
116280
116284
116288
116295
116299
116303
116307
116311
116318
116321
116324
116327
116330
116335
116338
116341
116344
116347
116352
116355
116358
116361
116364
116369
116371
116373
116375
116377
116380
116383
116386
116389
116392
116397
116399
116401
116403
116405
116408
116412
116416
116420
116424
116431
116434
116437
116440
116443
116448
116453
116458
116463
116468
116477
116479
116481
116483
116485
116488
116491
116494
116497
116500
116505
116508
116511
116514
116517
116522
116526
116530
116534
116538
116545
116548
116551
116554
116557
116562
116565
116568
116571
116574
116579
116581
116583
116585
116587
116590
116592
116594
116596
116598
116601
116604
116607
116610
116613
116618
116620
116622
116624
116626
116629
116632
116635
116638
116641
116646
116649
116652
116655
116658
116663
116668
116673
116678
116683
116692
116695
116698
116701
116704
116709
116711
116713
116715
116717
116720
116722
116724
116726
116728
116731
116735
116739
116743
116747
116754
116757
116760
116763
116766
116771
116773
116775
116777
116779
116782
116785
116788
116791
116794
116799
116802
116805
116808
116811
116816
116820
116824
116828
116832
116839
116842
116845
116848
116851
116856
116859
116862
116865
116868
116873
116875
116877
116879
116881
116884
116886
116888
116890
116892
116895
116898
116901
116904
116907
116912
116914
116916
116918
116920
116923
116926
116929
116932
116935
116940
116943
116946
116949
116952
116957
116959
116961
116963
116965
116968
116971
116974
116977
116980
116985
116990
116995
117000
117005
117014
117018
117022
117026
117030
117037
117040
117043
117046
117049
117054
117058
117062
117066
117070
117077
117082
117087
117092
117097
117106
117109
117112
117115
117118
117123
117128
117133
117138
117143
117152
117154
117156
117158
117160
117163
117167
117171
117175
117179
117186
117189
117192
117195
117198
100818
117203
100821
117206
100824
117209
100827
117212
100830
117215
100833
100836
117220
100839
117223
100842
117226
100845
117229
100848
117232
100851
117237
100854
117239
100857
117241
117243
100860
117245
100863
117248
100866
117251
100869
117254
100872
117257
100875
117260
100878
100881
117265
100884
117268
100887
117271
100890
117274
100893
117277
100896
117282
100899
117284
100902
117286
117288
100905
117290
100908
117293
100911
117296
100914
117299
100917
117302
100920
117305
100925
117310
100930
117314
117318
100937
117322
117326
100944
117333
100951
117336
117339
100958
117342
117345
100965
117350
117353
100972
117356
117359
117362
100979
117367
100986
117370
117373
117376
100993
117379
101000
117384
117389
101007
117394
101014
117399
117404
101021
101028
117413
117417
101035
117421
117425
101042
117429
101049
117436
117439
101056
117442
117445
101063
117448
117453
101070
117455
117457
117459
101077
117461
117464
101084
117469
117474
101091
117479
101098
117484
101105
117493
101112
117496
117499
117502
101119
117505
101126
117510
117514
101133
117518
117522
101140
117526
101147
117533
117536
101154
117539
117542
101161
117545
117550
101168
117553
117556
101175
117559
117562
101182
117567
117571
101189
117575
117579
101196
117583
101203
117590
117593
101210
117596
117599
101217
117602
117607
101226
117610
117613
117616
101233
117619
101240
117624
117629
101247
117634
101254
117639
117644
101261
101268
117653
117655
117657
101275
117659
117661
117664
101282
117667
117670
101289
117673
117676
101296
117681
117683
117685
101303
117687
117689
117692
101310
117695
117698
101317
117701
117704
101324
117709
117711
117713
101331
117715
117717
117720
101338
117724
117728
101345
117732
101352
117736
101359
117743
117746
117749
101366
117752
117755
101373
117760
101380
117764
117768
101387
117772
117776
101394
117783
101401
117786
117789
101408
117792
117795
101415
117800
117804
101422
117808
117812
101429
101432
117816
101435
101438
117823
101441
117827
101444
101447
117831
101450
117835
101453
117839
101456
101459
101462
117846
117848
101465
117850
101468
117852
117854
101471
117857
101474
101477
117861
101480
117865
101483
117869
101486
101489
117873
101492
101495
117880
101498
117883
101501
117886
101504
117889
101507
117892
101510
101513
117897
101516
117900
101519
117903
101522
117906
101525
117909
101528
117914
101531
117917
101534
117920
101537
117923
101540
117926
101543
101546
117931
101549
117934
101552
117937
101555
117940
101558
117943
101561
101564
117948
117950
101567
117952
101570
117954
117956
101573
117959
101576
117961
101579
117963
117965
101582
117967
101585
117970
101588
117974
101591
101594
117978
101597
117982
101600
117986
101603
101606
101609
117993
117995
101612
117997
101615
117999
118001
101618
118004
101621
118007
101624
118010
101627
118013
101630
118016
101633
101636
118021
101639
101642
118026
101645
118031
101648
101651
118036
101654
101657
118041
101660
101663
101666
118050
101669
118054
101672
118058
101675
101678
118062
101681
101682
118066
101687
118073
118075
118077
101694
118079
118081
118084
101701
118088
101706
118092
118096
101713
118100
101718
101723
118107
118111
101730
118115
101735
118119
118123
101740
118130
101747
118134
101752
118138
101757
118142
118146
101764
101769
118153
118156
101774
118159
118162
101781
118165
101786
118170
118172
118174
101791
118176
118178
118181
101798
118183
118185
101803
118187
118189
101808
118192
118196
101815
118200
101820
118204
118208
101825
118215
101832
118219
101837
118223
101842
118227
118231
101849
101854
118238
118242
101859
118246
101866
118250
118254
101871
101876
118261
118265
101883
118269
101888
118273
101893
118277
101900
118284
118288
101905
118292
101910
118296
118300
101917
101922
118307
101927
118311
118315
101934
118319
101939
118323
101944
118330
118333
101951
118336
118339
101956
118342
101961
118347
118351
101968
118355
101973
118359
101978
118363
101985
118370
118373
101990
118376
101995
118379
118382
102002
118387
102007
118391
118395
102012
118399
102019
118403
102024
118410
102029
118413
118416
118419
102036
118422
102041
118427
102046
118431
118435
102053
118439
102058
118443
102063
118450
118453
102070
118456
102075
118459
118462
102080
118467
102087
118472
102092
118477
102097
118482
118487
102104
102109
118496
102114
118499
118502
102121
118505
118508
102126
118513
102131
118516
118519
102138
118522
118525
102143
118530
102148
118533
118536
102155
118539
118542
102160
118547
102165
118551
118555
102172
118559
102177
118563
102182
118570
102189
118573
118576
102194
118579
118582
102199
118587
102206
118590
118593
102211
118596
118599
102216
118604
102223
118607
118610
102228
118613
118616
102233
118621
102240
118625
102245
118629
118633
102250
118637
102257
118644
102262
118647
118650
102267
118653
118656
102274
118661
102279
118664
118667
102284
118670
118673
102291
118678
102296
118682
102301
118686
118690
102308
118694
102313
118701
102318
118703
118705
118707
102325
118709
118712
102330
118716
102335
118720
118724
102342
118728
102347
118735
102352
118736
118737
118738
118739
118740
102359
118744
102364
118748
118752
102369
118756
102376
118763
102381
118767
102384
118771
102389
118775
102392
102395
118779
102400
102401
118786
102404
118791
102409
102410
118796
102413
118801
102418
102419
102422
118806
102427
102428
102431
118815
118816
118817
118818
118819
102436
118820
102437
118823
102440
118826
102445
118829
102446
118832
102449
118837
102454
102455
118841
102458
118845
102463
102464
118849
102467
118853
102472
102473
102476
118860
118863
102481
102482
118866
102485
118869
118872
102490
102491
118877
102494
118880
102499
118883
102500
118886
102503
118889
102508
102509
118894
102512
118897
118900
102517
102518
118903
102521
118906
102526
102527
118911
102530
118915
102535
118919
102536
102539
118923
118927
102544
102545
102548
118934
102553
118937
102554
118940
102557
118943
102562
118946
102563
102566
118951
118954
102571
102572
118957
102575
118960
118963
102580
102581
102584
118968
118971
102589
102590
118974
102593
118977
118980
102598
102599
118985
102602
118988
102607
118991
102608
118994
102611
118997
102616
102617
119002
102620
119005
119008
102625
102626
119011
102629
119014
102634
102635
119019
102638
119023
102641
102642
119027
102647
119031
119035
102652
102653
102658
119042
119045
119048
102665
119051
102668
119054
102673
119059
119062
102680
119065
119068
102685
119071
102690
119076
119079
102697
119082
119085
102702
119088
102707
119093
119097
102714
119101
102719
119105
102724
119109
102731
119116
102736
119120
119124
102741
119128
102748
119132
102753
119139
102758
119143
119147
102765
119151
102770
119155
102775
119162
119165
102782
119168
102787
119171
119174
102792
119179
119182
102799
119185
102804
119188
119191
102809
119196
102816
119200
119204
102821
119208
102826
119212
102833
119219
102838
119222
119225
102843
119228
119231
102850
119236
102855
119240
102860
119244
119248
102867
119252
102872
119259
102877
119263
119267
102884
119271
102889
119275
102894
119282
102901
119285
119288
102906
119291
119294
102911
119299
102918
119302
119305
102923
119308
119311
102928
119316
119317
119318
102935
119319
119320
119321
102940
119324
119327
102945
119330
119333
102952
119338
102957
119341
119344
102962
119347
119350
102969
119355
102974
119358
119361
102979
119364
119367
102986
119372
102991
119375
119378
102996
119381
119384
103003
119389
103008
119392
119395
103013
119398
119401
103020
119406
103025
119409
119412
103030
119415
119418
103037
119423
103042
119426
119429
103047
119432
119435
103054
119440
119442
103059
119444
119446
103064
119448
119451
103071
119456
103076
119461
103081
119466
119471
103088
103093
119480
103098
119484
119488
103105
119492
103110
119496
103115
119503
103122
119506
119509
103127
119512
119515
103132
119520
119521
119522
103139
119523
119524
119525
103144
119529
103149
119533
119537
103156
119541
103161
119548
103166
119552
119556
103173
119560
103178
119564
103183
119571
103190
119574
119577
103195
119580
119583
103200
119588
119590
103207
119592
119594
103212
119596
119599
103217
119603
119607
103224
119611
103229
119615
103234
119622
119624
103241
119626
119628
103246
119630
119633
103251
119636
119639
103258
119642
119645
103263
119650
103268
119654
119658
103275
119662
103280
119666
103285
119673
119675
103292
119677
119679
103297
119681
119684
103302
119688
119692
103309
119696
103314
119700
103319
119707
103326
119711
103331
119715
119719
103336
119723
103343
119730
103348
119733
119736
103353
119739
103358
119742
103359
119747
103364
119749
119751
103369
119753
119755
103372
119758
103375
119759
119760
119761
103378
119762
103379
119763
119767
103384
119771
103389
103390
119775
103395
119779
103400
119786
103403
103406
119790
103409
103410
119794
119798
103415
119802
103420
103421
119809
103426
119812
103431
119815
103434
119818
103437
119821
103440
103441
119826
119828
103446
119830
119832
119834
103451
103452
119837
119838
119839
119840
103457
119841
119842
119844
103462
119846
119848
103465
119850
103468
119853
103471
119855
103472
119857
119859
103477
119861
119864
103482
103483
119868
103488
119872
119876
103493
103496
119880
103499
103502
103503
119887
119890
103508
119893
119896
103513
103514
119899
103519
119904
119906
103524
119908
119910
103527
119912
103530
119915
103533
119917
103534
119919
119921
103539
119923
119926
103544
103545
119931
103550
119936
103555
119941
103558
103561
119946
103564
103565
103570
119955
103575
119959
103576
119963
103581
119967
103586
119971
103589
103592
119978
103595
103596
119982
103601
119986
103606
119990
103607
119994
103612
103617
120001
103620
120004
103623
120007
103626
120010
103627
120013
103632
120018
120020
103637
103638
120022
120024
120026
103643
120029
120031
103648
120033
103651
120035
120037
103654
120040
103657
103658
120042
120044
120046
103663
120048
120051
103668
103669
120056
103674
120061
103679
103682
120066
103685
120071
103688
103689
103694
120080
103699
120083
103700
120086
103705
120089
120092
103710
103713
120097
120099
103716
120101
103719
120103
103720
120105
120108
103725
120109
120110
120111
120112
120113
103730
103731
120118
103736
120123
103741
103744
120128
103747
120133
103750
103751
103756
120142
103761
120145
103762
120148
103767
120151
120154
103772
103775
120159
120161
103778
120163
103781
120165
103782
120167
120170
103787
120171
120172
120173
120174
120175
103792
103793
120179
103798
120183
103803
120187
103806
120191
103809
103812
103813
120198
120201
103818
120204
103823
120207
103824
120210
103829
120215
120216
120217
103834
120218
120219
120220
103837
120223
103840
120226
103843
103844
120229
120232
103849
120237
103854
103855
120240
120243
103860
120246
103865
120249
103868
120254
103871
103874
103875
120259
103880
120264
103885
120269
103886
120274
103891
103896
103899
120283
103902
120286
103905
120289
103906
120292
103911
120295
103916
120300
103917
120302
120304
103922
120306
120308
103927
120311
120312
120313
103930
120314
120315
120316
103933
103936
103937
120321
103942
120326
103947
120331
103948
120336
103953
103958
103961
120345
103964
120349
103967
103968
120353
103973
120357
120361
103978
103979
103984
120368
120371
103989
120374
103992
120377
103995
120380
103998
103999
120385
120386
120387
104004
120388
120389
120390
104009
104010
120394
120398
104015
120402
104020
120406
104023
104026
104029
120413
104030
120416
104035
120419
120422
104040
104041
120425
104046
120430
120432
120434
104051
120436
104054
120438
104057
120441
120443
104060
104061
120445
120447
120449
104066
120452
104071
104072
120456
120460
104077
120464
104082
120468
104085
104088
104091
120475
104092
120478
104097
120481
120484
104102
104103
120487
104108
120492
120494
120496
104113
120498
104116
120500
104119
120503
120505
104122
104123
120507
120509
120511
104128
120514
120515
120516
104133
120517
104134
120518
120519
120521
104139
120523
120525
120527
104144
120530
104147
120532
104150
120534
120536
104153
104154
120538
120541
104159
120544
120547
104164
104165
120550
120553
104170
120558
104175
120559
120560
120561
104178
120562
120563
104181
120565
120567
104184
104185
120569
120571
104190
120574
120577
104195
104196
120580
120583
104201
120586
104206
120591
104209
120594
104212
120597
104215
104216
120600
120603
104221
120608
120609
104226
120610
104227
120611
120612
120613
104232
120617
104237
120621
104240
120625
104243
120629
104246
104247
104252
120636
120639
104257
104258
120642
120645
104263
120648
104268
120653
104271
120655
120657
104274
120659
104277
120661
104278
120664
120666
104283
120668
120670
104288
120672
104289
120675
120676
120677
104294
120678
120679
120680
104299
120684
104302
120688
104305
104308
120692
104309
120696
104314
104319
120703
104320
120705
120707
104325
120709
120711
104330
120714
104333
120717
104336
120720
104339
120723
104340
120726
104345
120731
104350
120734
104351
120737
104356
120740
120743
104361
104364
120748
104367
120751
104370
120754
104371
120757
104376
120760
104381
120765
104382
120768
104387
120771
120774
104392
120777
104395
104398
120782
104401
104402
120786
120790
104407
120794
104412
104413
120798
104418
120805
104423
120808
104426
120811
104429
120814
104432
104433
120817
104438
120822
120825
104443
104444
120828
120831
104449
120834
104454
120839
104457
120842
104460
120845
104463
104464
120848
120851
104469
120856
104474
104475
120859
120862
104480
120865
120868
104485
104488
120873
104491
120876
104494
104495
120879
120882
104500
120885
104505
104506
120890
120893
104511
120896
120899
104516
120902
104519
104522
120907
104525
104526
120910
120913
104531
120916
120919
104536
104537
120924
104542
120927
120930
104547
120933
104550
120936
104553
104556
104557
120941
120944
104562
120947
120950
104567
104568
120953
104573
120958
120961
104578
120964
104581
120967
104584
120970
104587
104588
120975
120976
104593
120977
120978
120979
120980
104598
120982
104599
120984
120986
104604
120988
120991
120992
104609
120993
104610
120994
120995
120996
104613
120998
104616
121000
104617
121002
104620
121004
104623
121007
104626
121010
104629
121013
104632
121016
104635
121019
104638
121024
104641
121026
104644
121028
121030
104647
121032
104650
121035
104653
121037
121039
104656
121041
104659
121043
104662
121046
104665
121050
104668
121054
104671
104674
121058
104677
121062
104680
104683
121069
104686
121071
104689
121073
121075
104692
121077
104695
121080
104698
121082
121084
104701
121086
104704
121088
104707
121091
121093
104710
121095
104713
121097
121099
104716
121102
104719
121104
121106
104724
121108
121110
104729
121113
121114
121115
121116
121117
121118
104736
121120
121122
121124
121126
104743
121129
121131
121133
104750
121135
121137
121140
104757
121141
121142
121143
121144
121145
121147
104764
121149
121151
121153
104771
121156
121159
104778
121162
121165
121168
104785
121173
121174
121175
104792
121176
121177
121178
121180
121182
104799
121184
121186
121189
104806
121193
104813
121197
121201
104820
121205
104827
121212
121214
121216
104834
121218
121220
121223
104841
121225
121227
121229
121231
104848
121234
121237
104855
121240
121243
104862
121246
121251
121252
104869
121253
121254
121255
121256
121259
104876
121262
121265
104883
121268
121273
104890
121276
121279
104897
121282
121285
104904
121290
121293
104911
121296
121299
104918
121302
121307
104925
121311
121315
104932
121319
104939
121323
104946
121330
121332
121334
121336
104953
121338
121341
121342
121343
104960
121344
121345
121346
121349
104967
121352
121355
104974
121358
121363
104981
121366
121369
104988
121372
121375
104995
121380
121381
121382
121383
121384
121385
105002
121386
121387
121388
121389
121390
105009
121393
121396
121399
105016
121402
121407
105025
121412
105032
121417
121422
105039
121427
105046
121436
105053
121438
121440
121442
105060
121444
121447
121450
105067
121453
121456
105074
121459
121464
105081
121466
121468
121470
105088
121472
121475
121476
121477
121478
105095
121479
121480
121483
105102
121486
121489
121492
105109
121497
121499
105116
121501
121503
121505
105123
121508
121509
121510
121511
121512
121513
105130
121515
121517
121519
105137
121521
121524
121526
105144
121528
121530
121532
105151
121535
121537
121539
121541
105158
121543
121546
105165
121549
121552
121555
105172
121558
105179
121563
121564
121565
121566
121567
121568
105186
121570
121572
121574
121576
105193
121579
121581
121583
105200
121585
121587
121590
105207
121591
121592
121593
121594
121595
121597
105214
121599
121601
121603
105221
121606
121607
121608
121609
121610
121611
105228
121613
105231
121615
121617
105234
121619
105237
121622
121623
105240
121624
121625
121626
105243
121627
121628
121629
105246
121630
121631
121632
105249
121634
105252
121636
121638
105255
121640
105258
121643
105261
121645
121647
105264
121649
105267
121651
105270
121654
121655
121656
105273
121657
121658
121659
105276
121660
121661
121662
105279
121663
121664
105282
121667
105285
121670
105288
121673
105291
121676
105294
105297
121681
121682
121683
105300
121684
121685
121686
105303
121688
105306
121690
121692
105309
121694
105312
121697
121698
105315
121699
121700
121701
105318
121702
121704
105321
121706
105324
121708
121710
105327
121713
105330
121715
105333
121717
121719
105336
121721
105339
121724
121725
105342
121726
121727
121728
105345
121729
105348
121732
105351
121735
105354
121738
105357
121741
105360
121746
105363
121747
121748
121749
105366
121750
121751
105369
121753
121755
105372
121757
105375
121759
105378
121762
121763
121764
105381
121765
121766
121767
105384
121769
105387
121771
121773
105390
121775
105393
121778
105396
121780
121782
105399
121784
105402
121786
105405
121789
121790
121791
105408
121792
121793
121794
105411
121796
105414
121798
121800
105417
121802
105420
121805
105423
121807
121809
105426
121811
105429
121813
105432
121816
121818
105435
121820
105438
121822
121824
105441
121827
105444
121828
121829
121830
105447
121831
121832
121833
105450
121834
121835
121836
105453
121837
105456
121840
105459
121843
105462
121846
105465
121849
105468
121854
105471
121856
105474
121858
121860
105477
121862
105480
105481
121865
121867
121869
121871
105488
121873
121876
121878
105495
121880
121882
105500
121884
121887
121888
105505
121889
121890
121891
121892
121893
121894
121895
105512
121896
121897
121900
105517
121903
105522
121906
121909
105529
121914
105534
121919
105539
121924
121929
105546
121934
105551
105556
121943
121946
105563
121949
105568
121952
121955
105573
121960
121962
105580
121964
121966
121968
105585
121971
121973
105590
121975
121977
121979
105597
121982
121984
105602
121986
121988
121990
105607
121993
121994
121995
121996
121997
105614
121998
122002
105619
122006
105624
122010
122014
105631
105636
122021
122024
105641
122027
122030
105648
122033
105653
122038
105658
122042
122046
105665
122050
105670
122054
105675
122061
122063
122065
105682
122067
122069
105687
122072
122074
105692
122076
122078
122080
105699
122083
122085
122087
105704
122089
122091
105709
122094
122095
122096
122097
122098
122099
105716
122100
122101
122102
122103
122104
105721
122105
122106
122107
122108
122109
105726
122110
122111
122112
122113
122114
122116
105733
122118
122120
105738
122122
122125
105743
122127
122129
122131
122133
105750
122136
122138
105755
122140
122142
105760
122144
122147
122149
105767
122151
122153
122155
105772
122158
105777
122161
122164
122167
105784
122170
105789
122175
122176
122177
105794
122178
122179
122180
122183
105801
122186
122189
105806
122192
105811
122197
122201
105818
122205
105823
122209
105828
122213
105835
122220
122221
122222
122223
105840
122224
122225
122228
105845
122231
122234
105852
122237
105857
122242
122243
122244
122245
105862
122246
122247
122249
122251
105869
122253
122255
105874
122258
122260
122262
105879
122264
122266
122269
105886
122270
122271
122272
122273
122274
105891
122278
105896
122282
122286
105903
122290
105908
105913
122297
122300
122303
105920
122306
105925
122309
105930
122314
122318
105937
122322
105942
122326
122330
105947
122337
105954
122339
122341
105959
122343
122345
105964
122348
122349
122350
122351
122352
122353
105971
122355
122357
122359
105976
122361
122364
105981
122365
122366
122367
122368
122369
122371
105988
122373
122375
105993
122377
122380
122381
105998
122382
122383
122384
122385
122388
106005
122391
106010
122394
122397
106015
122402
122405
106022
122408
106027
122411
122414
106032
122419
122422
106039
122425
106044
122428
122431
106049
122436
122439
106056
122442
106061
122445
122448
106066
122453
122454
122455
122456
106073
122457
122458
122459
122460
122461
106078
122462
122463
122466
106083
122469
122472
106090
122475
106095
122480
122483
106100
122486
122489
106107
122492
106112
122497
122498
122499
122500
106117
122501
122502
122503
122504
122505
122506
122507
106124
122510
106129
122513
122516
106134
122519
122524
106141
122527
106146
122530
122533
106151
122536
122541
106158
122544
106163
122547
122550
106168
122553
122558
106175
122559
122560
122561
122562
122563
106180
122564
122565
122566
122567
122568
106185
122569
122570
122571
122572
122573
106190
106191
122576
106194
122579
122582
106199
106200
122585
106203
122590
106208
106209
122593
106212
122596
122599
106217
106218
122602
106221
122607
122608
122609
106226
122610
106227
122611
122612
122613
106230
122614
122615
122616
122617
106235
106236
122620
106239
122623
122626
106244
106245
122629
106248
122634
106253
122637
106254
122640
106257
122643
106262
122646
106263
106266
122651
122652
122653
122654
106271
122655
106272
122656
122657
122658
106275
122659
122660
122661
106280
122664
106281
122667
106284
122670
106289
122673
106290
106293
122678
122681
106298
106299
122684
106302
122687
122690
106307
106308
106311
122695
122698
106316
106317
122701
106320
122704
122707
106325
106326
122712
106329
122713
122714
122715
122716
122717
106334
122718
106335
122719
122720
122721
106338
122722
122723
122724
122725
122726
106343
122727
106344
122730
106347
122733
106352
122736
106353
122739
106356
122744
106361
106362
122747
106365
122750
122753
106370
106371
122756
106374
122761
122762
106379
122763
106380
122764
122765
122766
106383
122767
122768
122769
122770
122771
106388
106389
122774
106392
122777
122780
106397
106398
122783
106401
122788
106406
106407
122791
106410
122794
122797
106415
106416
122800
106419
122805
122806
122807
106424
122808
106425
122809
122810
122811
106428
122812
122813
122814
122815
106433
106434
122818
106437
122821
106440
122824
106441
122827
106444
122832
106449
122835
106452
122838
106457
122841
122844
106464
122849
106467
122854
106474
122859
122864
106481
106484
122869
106491
122878
122880
106498
122882
122884
106501
122886
122889
122891
106508
122893
122895
122897
106515
122900
122901
106518
122902
122903
122904
122905
122908
106525
122911
122914
106532
122917
106535
122922
122925
106542
122928
122931
106549
122934
106552
122939
122940
122941
122942
106559
122943
122944
122945
122946
122947
122948
122949
106566
122952
106569
122955
122958
106576
122961
122966
106583
122969
106586
122972
122975
106593
122978
122983
106600
122985
106603
122987
122989
122991
106610
122994
122997
123000
106617
123003
106620
123006
106627
123011
123013
123015
123017
106634
123019
106637
123022
123023
123024
123025
123026
123027
106644
123030
123033
106651
123036
106654
123039
123044
106661
123047
123050
106668
123053
106671
123056
123061
106678
123064
123067
106685
123070
106688
123073
123078
106695
123081
123084
106702
123087
106705
123090
123095
106712
123096
123097
123098
123099
123100
123101
123102
106719
123103
123104
123105
106722
123108
123111
106729
123114
123117
106736
123122
106739
123125
123128
106746
123131
123134
106753
123139
106756
123140
123141
123142
123143
123144
123145
123146
106763
123147
123148
123149
123152
106770
123155
106773
123158
123161
106780
123166
123169
106787
123172
106790
123175
123178
106797
123183
123187
106804
106807
123191
123195
106814
123199
106821
123206
123207
106824
123208
123209
123210
123211
123213
106831
123215
123217
123219
106838
123222
123223
123224
106841
123225
123226
123227
123230
106848
123233
123236
106855
123239
106858
123244
123248
106865
123252
106872
123256
106875
123260
106882
123267
123268
123269
123270
123271
123272
106889
123275
106892
123278
123281
106899
123284
123289
106906
123291
106909
123293
123295
123297
106916
123300
123301
123302
123303
123304
123305
106923
123308
106926
123311
123314
106933
123317
123322
106940
123324
123326
106943
123328
123330
123333
106950
123335
123337
123339
106957
123341
106960
123344
123345
123346
123347
123348
123349
106967
123353
123357
106974
106977
123361
123365
106984
123372
106991
123375
106994
123378
123381
123384
107001
123389
107008
123392
107011
123395
123398
123401
107018
123406
123407
123408
107025
123409
123410
123411
107028
123413
123415
123417
107035
123419
123422
123424
107042
123426
123428
107045
123430
123433
123434
123435
107052
123436
123437
123438
123440
123442
107059
123444
107062
123446
123449
123450
123451
123452
107069
123453
123454
123455
123456
123457
123458
123459
107076
123460
123461
123462
107079
123463
123464
123467
107086
123470
123473
123476
107093
107096
123481
123482
123483
123484
123485
123486
107103
123488
123490
123492
107110
123494
107113
123497
123500
123503
107120
123506
123509
107127
107130
123514
123516
123518
123520
107137
123522
123525
107144
123528
107147
123531
123534
107152
123537
107157
107158
123542
123544
123546
123548
107165
123550
123553
107170
123554
107171
123555
123556
123557
107174
123558
123560
107177
107178
123562
123564
123566
107183
123569
123571
107188
107189
123573
123575
123577
107196
123580
123583
107201
107202
123586
107205
123589
107208
123592
107209
123597
107214
123599
123601
107219
123603
107220
123605
123608
123610
107227
123612
123614
107232
123616
107233
123619
107236
123622
107239
107240
123625
123628
107245
123631
107250
107251
123636
123639
107258
123642
123645
107263
107264
123648
107267
123653
107270
107271
123655
123657
123659
107276
123661
123664
107281
123665
107282
123666
123667
123668
123669
123672
107289
123675
107294
123678
107295
123681
107298
107301
107302
123686
123688
123690
107307
123692
123694
107312
107313
123697
123698
123699
123700
123701
123702
107320
123704
123706
123708
107325
107326
123710
107329
123713
123714
123715
107332
123716
107333
123717
123718
107338
123722
123726
107343
107344
123730
123734
107351
107356
107357
123741
123743
107360
123745
107363
123747
107364
123749
123752
107369
123754
123756
107374
123758
107375
123760
123763
123765
107382
123767
123769
107387
123771
107388
123774
107391
123775
123776
123777
107394
123778
107395
123779
123781
123783
107400
123785
123787
107405
107406
123790
123791
123792
123793
123794
123795
123796
107413
123797
123798
123799
123800
107418
107419
123803
107422
123806
107425
123809
107426
123812
107431
123817
123819
107436
107437
123821
123823
123825
107444
123828
123830
123832
107449
107450
123834
123836
107453
123839
107456
107457
123841
123843
123845
107462
123847
123850
107467
123851
107468
123852
123853
123854
123855
123856
123857
123858
107475
123859
123860
123863
107480
107481
123866
107484
123869
107487
107488
123872
107493
123877
123878
123879
123880
123881
107498
123882
107499
123884
123886
123888
107506
123890
123893
123894
107511
123895
107512
123896
123897
123898
107515
123900
107518
123902
107519
123904
123906
107524
123909
107529
123913
107530
123917
107537
123921
123925
107542
107543
107546
123932
107549
107550
123934
123936
123938
107555
123940
123943
107560
107561
123945
123947
123949
123951
107568
123954
107573
123957
107574
123960
107577
123963
107580
107581
123966
107586
123971
123973
107591
123975
107592
123977
123979
123982
107599
123985
107604
123988
107605
123991
107608
123994
107611
107612
123999
107617
124001
124003
124005
107622
107623
124007
124010
124011
124012
124013
107630
124014
124015
124017
107635
124019
107636
124021
107639
124023
107642
124026
107643
124028
124030
107648
124032
124034
107653
124037
107654
124038
124039
124040
124041
124042
107661
124045
124048
107666
107667
124051
107670
124054
107673
107674
124059
124062
107679
124065
107684
124068
107685
124071
107692
124076
124078
124080
107697
107698
124082
124084
107701
124087
107704
107705
124089
124091
124093
107710
124095
124098
107715
107716
124101
124104
107723
124107
124110
107728
107729
124115
107732
124117
107735
124119
107736
124121
124123
107741
124126
124128
124130
107746
107747
124132
124134
124137
107754
124139
124141
124143
107759
107760
124145
107763
124148
124149
124150
107766
124151
107767
124152
124153
124155
107772
124157
124159
124161
107777
107778
124164
124166
124168
107785
124170
124172
107790
124175
107791
124177
107794
124179
124181
107797
107798
124183
124186
107803
124188
124190
124192
107808
107809
124194
124197
124198
124199
124200
107816
124201
124202
124204
107821
124206
107822
124208
107825
124210
107828
124213
107829
124216
107834
124219
124222
107839
107840
124225
124230
107847
124232
124234
124236
107852
107853
124238
107856
124241
124243
107859
107860
124245
124247
124249
107865
124252
107870
124255
107871
124258
124261
107878
124264
107883
107884
124269
107887
124272
107890
124275
107891
124278
107896
124281
107901
124286
107902
124288
124290
124292
107909
124294
124297
107914
124299
107915
124301
107918
124303
124305
107921
107922
124308
124310
107927
124312
124314
124316
107932
107933
124319
124320
124321
124322
124323
124324
107940
124326
124328
107945
124330
107946
124332
107949
124335
107952
124337
107953
124339
124341
107958
124343
124346
107963
124348
107964
124350
124352
124354
107971
124357
124358
124359
124360
107976
124361
107977
124362
124364
107980
124366
107983
124368
107984
124370
124373
107989
124375
124377
107994
124379
107995
124381
124384
124385
124386
108002
124387
124388
124389
124391
108007
108008
124393
124395
108011
124397
108014
108015
124400
124401
124402
124403
124404
108020
124405
124407
124409
108025
108026
124411
124413
124416
108033
124419
124422
108038
108039
124425
108042
124428
108045
108046
124433
108051
124436
124439
108056
108057
124442
124445
108064
124450
124452
108069
124454
108070
124456
108073
124458
108076
124461
108077
124463
124465
108082
124467
124469
108087
124472
108088
124474
124476
124478
108095
124480
124483
108100
124485
108101
124487
108104
124489
124491
108107
108108
124494
124496
108113
124498
124500
124502
108118
108119
124505
124506
124507
124508
124509
124510
108126
124511
124512
124513
124514
124515
108131
108132
124517
124519
108135
124521
108138
124523
108139
124526
124527
124528
108144
124529
124530
124531
124532
124533
108149
124534
108150
124535
108157
108162
108163
108166
108169
108170
108175
108180
108181
108188
108193
108194
108197
108200
108201
108206
108211
108212
108219
108224
108225
108228
108231
108232
108237
108242
108243
108250
108255
108256
108259
108262
108263
108268
108273
108274
108281
108286
108287
108290
108293
108294
108299
108304
108305
108312
108317
108318
108321
108324
108325
108330
108335
108336
108343
108348
108349
108352
108355
108356
108361
108366
108367
108374
108379
108380
108383
108386
108387
108392
108397
108398
108403
108408
108409
108412
108415
108416
108420
108424
108428
108432
108439
108443
108447
108451
108455
108462
108466
108470
108474
108478
108485
108489
108493
108497
108501
108508
108511
108514
108517
108520
108525
108529
108533
108537
108541
108548
108552
108556
108560
108564
108571
108575
108579
108583
108587
108594
108598
108602
108606
108610
108617
108621
108625
108629
108633
108640
108644
108648
108652
108656
108663
108667
108671
108675
108679
108686
108690
108694
108698
108702
108709
108714
108719
108724
108729
108738
108743
108748
108753
108758
108767
108771
108775
108779
108783
108790
108795
108800
108805
108810
108819
108824
108829
108834
108839
108848
108852
108856
108860
108864
108871
108876
108881
108886
108891
108900
108904
108908
108912
108916
108923
108928
108933
108938
108943
108952
108956
108960
108964
108968
108975
108980
108985
108990
108995
109004
109008
109012
109016
109020
109027
109032
109037
109042
109047
109056
109060
109064
109068
109072
109079
109084
109089
109094
109099
109108
109113
109118
109123
109128
109137
109140
109143
109146
109149
109154
109158
109162
109166
109170
109177
109181
109185
109189
109193
109200
109204
109208
109212
109216
109223
109227
109231
109235
109239
109246
109250
109254
109258
109262
109269
109273
109277
109281
109285
109292
109297
109302
109307
109312
109321
109326
109331
109336
109341
109350
109354
109358
109362
109366
109373
109377
109381
109385
109389
109396
109400
109404
109408
109412
109419
109422
109425
109428
109431
109436
109439
109442
109445
109448
109453
109457
109461
109465
109469
109476
109481
109486
109491
109496
109505
109509
109513
109517
109521
109528
109532
109536
109540
109544
109551
109555
109559
109563
109567
109574
109578
109582
109586
109590
109597
109601
109605
109609
109613
109620
109625
109630
109635
109640
109649
109653
109657
109661
109665
109672
109677
109682
109687
109692
109701
109705
109709
109713
109717
109724
109728
109732
109736
109740
109747
109751
109755
109759
109763
109770
109775
109780
109785
109790
109799
109803
109807
109811
109815
109822
109826
109830
109834
109838
109845
109849
109853
109857
109861
109868
109873
109878
109883
109888
109897
109900
109903
109906
109909
109914
109918
109922
109926
109930
109937
109941
109945
109949
109953
109960
109963
109966
109969
109972
109977
109981
109985
109989
109993
110000
110004
110008
110012
110016
110023
110026
110029
110032
110035
110040
110044
110048
110052
110056
110063
110066
110069
110072
110075
110080
110084
110088
110092
110096
110103
110106
110109
110112
110115
110120
110124
110128
110132
110136
110143
110147
110151
110155
110159
110166
110169
110172
110175
110178
110183
110187
110191
110195
110199
110206
110210
110214
110218
110222
110229
110232
110235
110238
110241
110246
110251
110256
110261
110266
110275
110278
110281
110284
110287
110292
110296
110300
110304
110308
110315
110319
110323
110327
110331
110338
110342
110346
110350
110354
110361
110364
110367
110370
110373
110378
110382
110386
110390
110394
110401
110404
110407
110410
110413
110418
110421
110424
110427
110430
110435
110439
110443
110447
110451
110458
110461
110464
110467
110470
110475
110478
110481
110484
110487
110492
110496
110500
110504
110508
110515
110518
110521
110524
110527
110532
110536
110540
110544
110548
110555
110558
110561
110564
110567
110572
110575
110578
110581
110584
110589
110593
110597
110601
110605
110612
110615
110618
110621
110624
110629
110632
110635
110638
110641
110646
110650
110654
110658
110662
110669
110674
110679
110684
110689
110698
110703
110708
110713
110718
110727
110731
110735
110739
110743
110750
110755
110760
110765
110770
110779
110783
110787
110791
110795
110802
110807
110812
110817
110822
110831
110835
110839
110843
110847
110854
110858
110862
110866
110870
110877
110881
110885
110889
110893
110900
110904
110908
110912
110916
110923
110928
110933
110938
110943
110952
110956
110960
110964
110968
110975
110979
110983
110987
110991
110998
111001
111004
111007
111010
111015
111019
111023
111027
111031
111038
111043
111048
111053
111058
111067
111071
111075
111079
111083
111090
111094
111098
111102
111106
111113
111117
111121
111125
111129
111136
111139
111142
111145
111148
111153
111157
111161
111165
111169
111176
111180
111184
111188
111192
111199
111203
111207
111211
111215
111222
111226
111230
111234
111238
111245
111248
111251
111254
111257
111262
111265
111268
111271
111274
111279
111283
111287
111291
111295
111302
111306
111310
111314
111318
111325
111328
111331
111334
111337
111342
111345
111348
111351
111354
111359
111363
111367
111371
111375
111382
111385
111388
111391
111394
111399
111402
111405
111408
111411
111416
111420
111424
111428
111432
111439
111442
111445
111448
111451
111456
111459
111462
111465
111468
111473
111476
111479
111482
111485
111490
111493
111496
111499
111502
111507
111510
111513
111516
111519
111524
111527
111530
111533
111536
111541
111544
111547
111550
111553
111558
111561
111564
111567
111570
111575
111578
111581
111584
111587
111592
111596
111600
111604
111608
111615
111619
111623
111627
111631
111638
111641
111644
111647
111650
111655
111659
111663
111667
111671
111678
111682
111686
111690
111694
111701
111703
111705
111707
111709
111712
111716
111720
111724
111728
111735
111737
111739
111741
111743
111746
111749
111752
111755
111758
111763
111767
111771
111775
111779
111786
111789
111792
111795
111798
111803
111806
111809
111812
111815
111820
111824
111828
111832
111836
111843
111846
111849
111852
111855
111860
111864
111868
111872
111876
111883
111886
111889
111892
111895
111900
111904
111908
111912
111916
111923
111926
111929
111932
111935
111940
111943
111946
111949
111952
111957
111960
111963
111966
111969
111974
111977
111980
111983
111986
111991
111994
111997
112000
112003
112008
112011
112014
112017
112020
112025
112028
112031
112034
112037
112042
112045
112048
112051
112054
112059
112062
112065
112068
112071
112076
112080
112084
112088
112092
112099
112102
112105
112108
112111
112116
112120
112124
112128
112132
112139
112142
112145
112148
112151
112156
112160
112164
112168
112172
112179
112182
112185
112188
112191
112196
112200
112204
112208
112212
112219
112223
112227
112231
112235
112242
112246
112250
112254
112258
112265
112269
112273
112277
112281
112288
112291
112294
112297
112300
112305
112308
112311
112314
112317
112322
112325
112328
112331
112334
112339
112342
112345
112348
112351
112356
112359
112362
112365
112368
112373
112377
112381
112385
112389
112396
112399
112402
112405
112408
112413
112417
112421
112425
112429
112436
112439
112442
112445
112448
112453
112456
112459
112462
112465
112470
112473
112476
112479
112482
112487
112490
112493
112496
112499
112504
112508
112512
112516
112520
112527
112530
112533
112536
112539
112544
112548
112552
112556
112560
112567
112572
112577
112582
112587
112596
112600
112604
112608
112612
112619
112621
112623
112625
112627
112630
112634
112638
112642
112646
112653
112656
112659
112662
112665
112670
112673
112676
112679
112682
112687
112691
112695
112699
112703
112710
112714
112718
112722
112726
112733
112738
112743
112748
112753
112762
112765
112768
112771
112774
112779
112783
112787
112791
112795
112802
112804
112806
112808
112810
112813
112816
112819
112822
112825
112830
112834
112838
112842
112846
112853
112856
112859
112862
112865
112870
112872
112874
112876
112878
112881
112885
112889
112893
112897
112904
112907
112910
112913
112916
112921
112925
112929
112933
112937
112944
112947
112950
112953
112956
112961
112963
112965
112967
112969
112972
112976
112980
112984
112988
112995
112999
113003
113007
113011
113018
113021
113024
113027
113030
113035
113038
113041
113044
113047
113052
113056
113060
113064
113068
113075
113079
113083
113087
113091
113098
113102
113106
113110
113114
113121
113124
113127
113130
113133
113138
113141
113144
113147
113150
113155
113158
113161
113164
113167
113172
113175
113178
113181
113184
113189
113191
113193
113195
113197
113200
113205
113210
113215
113220
113229
113233
113237
113241
113245
113252
113256
113260
113264
113268
113275
113279
113283
113287
113291
113298
113302
113306
113310
113314
113321
113324
113327
113330
113333
113338
113342
113346
113350
113354
113361
113363
113365
113367
113369
113372
113375
113378
113381
113384
113389
113391
113393
113395
113397
113400
113404
113408
113412
113416
113423
113426
113429
113432
113435
113440
113443
113446
113449
113452
113457
113461
113465
113469
113473
113480
113482
113484
113486
113488
113491
113493
113495
113497
113499
113502
113506
113510
113514
113518
113525
113527
113529
113531
113533
113536
113539
113542
113545
113548
113553
113556
113559
113562
113565
113570
113571
113572
113573
113574
113575
113578
113581
113584
113587
113592
113596
113600
113604
113608
113615
113617
113619
113621
113623
113626
113628
113630
113632
113634
113637
113640
113643
113646
113649
113654
113656
113658
113660
113662
113665
113668
113671
113674
113677
113682
113684
113686
113688
113690
113693
113694
113695
113696
113697
113698
113701
113704
113707
113710
113715
113718
113721
113724
113727
113732
113734
113736
113738
113740
113743
113745
113747
113749
113751
113754
113758
113762
113766
113770
113777
113779
113781
113783
113785
113788
113790
113792
113794
113796
113799
113802
113805
113808
113811
113816
113817
113818
113819
113820
113821
113823
113825
113827
113829
113832
113836
113840
113844
113848
113855
113857
113859
113861
113863
113866
113868
113870
113872
113874
113877
113881
113885
113889
113893
113900
113902
113904
113906
113908
113911
113914
113917
113920
113923
113928
113931
113934
113937
113940
113945
113946
113947
113948
113949
113950
113954
113958
113962
113966
113973
113977
113981
113985
113989
113996
114000
114004
114008
114012
114019
114022
114025
114028
114031
114036
114040
114044
114048
114052
114059
114061
114063
114065
114067
114070
114074
114078
114082
114086
114093
114097
114101
114105
114109
114116
114120
114124
114128
114132
114139
114142
114145
114148
114151
114156
114159
114162
114165
114168
114173
114175
114177
114179
114181
114184
114186
114188
114190
114192
114195
114197
114199
114201
114203
114206
114209
114212
114215
114218
114223
114227
114231
114235
114239
114246
114250
114254
114258
114262
114269
114272
114275
114278
114281
114286
114290
114294
114298
114302
114309
114311
114313
114315
114317
114320
114323
114326
114329
114332
114337
114339
114341
114343
114345
114348
114351
114354
114357
114360
114365
114369
114373
114377
114381
114388
114392
114396
114400
114404
114411
114414
114417
114420
114423
114428
114432
114436
114440
114444
114451
114453
114455
114457
114459
114462
114464
114466
114468
114470
114473
114475
114477
114479
114481
114484
114488
114492
114496
114500
114507
114509
114511
114513
114515
114518
114520
114522
114524
114526
114529
114532
114535
114538
114541
114546
114548
114550
114552
114554
114557
114559
114561
114563
114565
114568
114573
114578
114583
114588
114597
114600
114603
114606
114609
114614
114616
114618
114620
114622
114625
114628
114631
114634
114637
114642
114646
114650
114654
114658
114665
114670
114675
114680
114685
)


// ************************************************************************* //
