/*--------------------------------*- C++ -*----------------------------------*\
| =========                 |                                                 |
| \\      /  F ield         | OpenFOAM: The Open Source CFD Toolbox           |
|  \\    /   O peration     | Version:  2512                                  |
|   \\  /    A nd           | Website:  www.openfoam.com                      |
|    \\/     M anipulation  |                                                 |
\*---------------------------------------------------------------------------*/
FoamFile
{
    version     2.0;
    format      ascii;
    arch        "LSB;label=32;scalar=64";
    class       pointSet;
    location    "constant/polyMesh/sets";
    object      nonAlignedEdges;
}
// * * * * * * * * * * * * * * * * * * * * * * * * * * * * * * * * * * * * * //


15382
(
35
78
79
80
228
232
233
234
240
242
248
249
271
272
273
421
425
426
428
431
432
433
435
436
437
440
441
442
464
465
466
614
618
620
622
623
624
625
626
628
629
630
632
633
634
635
657
658
659
807
811
812
814
815
816
817
818
819
820
821
822
823
824
825
847
848
849
997
1003
1004
1005
1006
1007
1008
1009
1010
1011
1012
1035
1036
1037
1191
1193
1194
1195
1196
1197
1198
1373
1379
1380
1381
1382
1383
1384
1385
1386
1387
1388
1411
1412
1413
1561
1566
1568
1569
1570
1571
1572
1573
1574
1575
1576
1577
1578
1579
1601
1602
1603
1751
1757
1759
1760
1761
1762
1763
1765
1766
1767
1769
1770
1771
1794
1795
1796
1944
1949
1951
1954
1955
1956
1958
1959
1960
1963
1987
1988
1989
2137
2142
2143
2145
2149
2151
2155
2158
2180
2181
2182
2330
2373
2374
2375
2720
2721
2722
2736
2913
2914
2915
2916
2919
2920
2921
2923
2924
2925
2928
2929
2930
3106
3107
3108
3109
3110
3111
3112
3113
3114
3116
3117
3118
3119
3120
3121
3122
3123
3299
3300
3301
3302
3303
3304
3305
3306
3307
3308
3309
3310
3311
3312
3313
3491
3492
3494
3495
3496
3497
3499
3500
3679
3681
3682
3683
3684
3685
3686
3867
3868
3869
3870
3871
3872
3873
3874
3875
3876
4054
4056
4057
4058
4059
4060
4061
4062
4063
4064
4065
4066
4245
4247
4248
4249
4250
4251
4253
4254
4255
4257
4258
4437
4439
4442
4443
4444
4446
4447
4448
4630
4631
4633
4643
4976
4977
4978
4979
4980
4981
4982
4983
4984
4985
4986
4987
4988
4989
4990
4991
4992
4994
4995
4996
4998
4999
5000
5001
5002
5003
5004
5005
5006
5007
5008
5009
5010
5011
5012
5013
5014
5015
5017
5018
5019
5021
5022
5023
5024
5025
5026
5027
5028
5029
5030
5031
5032
5033
5034
5035
5036
5037
5038
5039
5040
5041
5042
5043
5044
5045
5046
5047
5048
5049
5050
5051
5052
5053
5054
5055
5056
5057
5058
5059
5060
5061
5062
5063
5064
5066
5067
5068
5069
5070
5071
5072
5073
5074
5075
5076
5077
5078
5079
5080
5081
5082
5083
5084
5085
5086
5087
5088
5089
5090
5091
5092
5093
5094
5095
5096
5098
5099
5100
5101
5102
5103
5104
5105
5107
5108
5109
5110
5111
5112
5113
5114
5115
5116
5117
5118
5119
5120
5121
5122
5123
5124
5125
5126
5127
5128
5129
5130
5131
5132
5133
5134
5135
5136
5137
5139
5140
5141
5142
5143
5144
5145
5146
5147
5152
5153
5154
5155
5156
5157
5158
5159
5160
5161
5162
5163
5168
5169
5170
5171
5172
5173
5174
5175
5176
5177
5178
5179
5180
5181
5182
5183
5184
5185
5186
5187
5188
5189
5190
5191
5192
5193
5194
5195
5196
5197
5198
5199
5200
5201
5202
5203
5204
5205
5206
5207
5208
5209
5210
5211
5212
5213
5214
5215
5216
5217
5218
5219
5220
5221
5222
5223
5224
5225
5226
5227
5228
5229
5230
5231
5232
5233
5234
5235
5236
5237
5238
5239
5240
5241
5242
5243
5244
5245
5246
5247
5248
5249
5250
5251
5252
5253
5254
5255
5256
5257
5258
5259
5260
5261
5262
5263
5265
5266
5267
5268
5269
5270
5271
5272
5273
5274
5275
5276
5277
5278
5279
5280
5281
5282
5283
5284
5285
5286
5287
5288
5289
5290
5291
5292
5293
5294
5295
5296
5297
5298
5299
5300
5301
5302
5303
5304
5305
5306
5307
5308
5309
5310
5311
5312
5313
5314
5315
5316
5317
5318
5319
5320
5321
5322
5323
5324
5325
5326
5327
5328
5329
5330
5331
5332
5333
5334
5335
5336
5337
5338
5339
5340
5341
5343
5344
5345
5346
5347
5348
5349
5350
5351
5352
5353
5354
5355
5356
5357
5358
5359
5360
5361
5362
5363
5364
5365
5366
5367
5368
5370
5371
5372
5373
5374
5375
5376
5377
5378
5379
5380
5381
5382
5383
5384
5385
5386
5387
5388
5389
5390
5391
5392
5393
5394
5395
5396
5397
5398
5399
5400
5401
5402
5403
5404
5405
5406
5407
5408
5409
5410
5411
5412
5413
5414
5415
5416
5417
5418
5419
5420
5421
5422
5423
5424
5425
5426
5427
5428
5429
5430
5431
5432
5433
5434
5435
5436
5437
5438
5440
5441
5442
5443
5444
5445
5446
5447
5448
5449
5450
5451
5452
5453
5454
5455
5456
5457
5458
5459
5460
5461
5462
5463
5464
5465
5466
5467
5468
5469
5470
5471
5472
5473
5474
5475
5476
5477
5478
5479
5480
5481
5482
5483
5484
5485
5486
5487
5488
5489
5490
5491
5492
5493
5494
5495
5496
5497
5498
5499
5500
5501
5502
5503
5504
5505
5506
5507
5508
5509
5510
5511
5512
5513
5514
5515
5516
5517
5518
5519
5520
5521
5522
5523
5524
5525
5526
5527
5528
5529
5530
5531
5532
5535
5536
5537
5538
5539
5540
5541
5542
5543
5544
5545
5546
5547
5548
5549
5550
5551
5552
5553
5554
5555
5556
5557
5558
5559
5560
5561
5562
5563
5564
5565
5566
5567
5568
5569
5570
5571
5572
5575
5576
5577
5578
5579
5580
5582
5585
5587
5588
5589
5590
5591
5592
5593
5594
5595
5596
5597
5598
5599
5601
5602
5604
5605
5606
5607
5608
5609
5610
5611
5612
5613
5614
5615
5616
5617
5618
5619
5620
5621
5622
5623
5624
5625
5626
5627
5628
5629
5630
5631
5632
5633
5635
5636
5637
5639
5640
5641
5642
5643
5644
5645
5647
5648
5649
5652
5653
5654
5656
5661
5663
5664
5665
5666
5667
5668
5669
5670
5671
5672
5673
5674
5675
5677
5678
5680
5681
5682
5683
5684
5685
5686
5687
5688
5689
5690
5691
5692
5693
5694
5695
5696
5697
5698
5699
5700
5701
5702
5703
5704
5705
5706
5707
5708
5709
5711
5712
5713
5715
5716
5717
5718
5719
5720
5721
5723
5724
5728
5729
5730
5732
5733
5734
5735
5736
5737
5738
5739
5740
5741
5742
5743
5744
5745
5746
5747
5748
5749
5750
5751
5752
5753
5754
5755
5756
5758
5759
5760
5761
5762
5763
5764
5765
5766
5767
5768
5769
5770
5771
5772
5773
5774
5775
5776
5777
5778
5779
5780
5781
5782
5783
5784
5785
5786
5787
5788
5789
5790
5791
5792
5793
5794
5795
5796
5797
5798
5799
5800
5801
5802
5803
5804
5805
5806
5807
5808
5809
5810
5811
5812
5813
5814
5815
5816
5817
5818
5819
5820
5821
5822
5823
5824
5825
5826
5827
5828
5829
5830
5831
5832
5833
5834
5835
5836
5837
5838
5840
5841
5842
5843
5844
5845
5846
5847
5848
5849
5850
5851
5852
5853
5854
5856
5857
5858
5859
5860
5862
5863
5864
5865
5866
5867
5868
5869
5871
5872
5873
5874
5875
5876
5877
5878
5879
5880
5881
5882
5883
5884
5885
5886
5887
5888
5889
5890
5891
5892
5893
5894
5895
5896
5897
5898
5899
5900
5901
5902
5903
5904
5905
5906
5907
5908
5909
5910
5911
5912
5913
5914
5915
5916
5917
5918
5919
5920
5921
5922
5923
5924
5925
5926
5927
5928
5929
5930
5931
5932
5933
5934
5935
5936
5937
5938
5939
5940
5941
5942
5943
5944
5945
5946
5947
5948
5949
5950
5951
5952
5953
5954
5955
5956
5958
5960
5961
5963
5964
5965
5966
5967
5968
5969
5970
5971
5972
5973
5974
5975
5976
5977
5978
5979
5980
5981
6070
6071
6072
6073
6074
6075
6076
6077
6078
6079
6080
6081
6082
6083
6084
6085
6086
6087
6088
6089
6090
6091
6092
6093
6094
6095
6096
6097
6098
6099
6100
6101
6102
6103
6104
6105
6106
6107
6108
6109
6110
6111
6112
6113
6114
6115
6116
6117
6118
6119
6120
6121
6122
6123
6124
6125
6126
6127
6128
6129
6130
6131
6132
6133
6134
6135
6136
6137
6138
6139
6140
6141
6142
6143
6144
6145
6146
6147
6148
6149
6150
6151
6152
6153
6154
6155
6156
6157
6158
6159
6161
6162
6163
6164
6165
6166
6167
6168
6169
6170
6171
6172
6173
6174
6175
6176
6177
6178
6179
6180
6181
6182
6183
6184
6185
6186
6187
6188
6189
6190
6191
6192
6193
6194
6195
6196
6197
6198
6199
6200
6201
6202
6203
6204
6205
6206
6207
6208
6209
6210
6211
6212
6213
6214
6215
6216
6217
6218
6219
6220
6221
6222
6223
6224
6225
6226
6227
6228
6229
6230
6231
6232
6233
6234
6235
6236
6237
6238
6239
6240
6241
6242
6243
6244
6245
6246
6247
6248
6249
6250
6251
6252
6253
6254
6255
6256
6257
6258
6259
6260
6261
6262
6263
6264
6265
6266
6267
6268
6269
6270
6271
6272
6273
6274
6276
6277
6278
6279
6280
6281
6282
6283
6284
6285
6286
6287
6288
6289
6290
6292
6293
6294
6295
6296
6297
6298
6299
6300
6301
6302
6303
6304
6305
6306
6307
6308
6309
6310
6312
6313
6314
6315
6316
6317
6318
6319
6320
6321
6322
6323
6324
6325
6326
6327
6328
6329
6330
6331
6332
6333
6334
6335
6336
6337
6338
6339
6340
6341
6342
6343
6344
6345
6346
6347
6348
6349
6350
6351
6352
6353
6354
6355
6356
6357
6358
6359
6360
6361
6362
6363
6364
6365
6366
6367
6368
6369
6370
6371
6372
6373
6374
6375
6376
6377
6378
6379
6380
6381
6382
6383
6384
6385
6386
6387
6388
6389
6390
6391
6392
6393
6394
6395
6396
6397
6398
6399
6400
6401
6402
6403
6404
6405
6406
6407
6408
6409
6410
6411
6412
6413
6414
6415
6416
6417
6418
6419
6420
6421
6422
6423
6424
6425
6426
6427
6428
6429
6430
6431
6432
6434
6437
6438
6439
6440
6441
6442
6443
6444
6445
6446
6447
6448
6449
6450
6451
6452
6453
6454
6455
6456
6457
6458
6459
6460
6461
6462
6463
6464
6465
6466
6467
6468
6469
6470
6471
6472
6473
6474
6475
6476
6477
6478
6479
6480
6481
6482
6486
6487
6488
6489
6490
6491
6492
6493
6494
6495
6496
6497
6498
6499
6500
6502
6503
6504
6505
6506
6507
6508
6509
6510
6511
6512
6513
6514
6515
6516
6517
6518
6519
6520
6521
6522
6523
6524
6525
6526
6527
6528
6529
6530
6531
6532
6533
6534
6535
6536
6537
6538
6539
6540
6541
6542
6543
6544
6545
6546
6548
6549
6550
6551
6552
6553
6554
6555
6556
6557
6558
6559
6560
6561
6562
6563
6564
6565
6566
6567
6568
6569
6570
6571
6572
6573
6574
6575
6576
6577
6578
6579
6580
6581
6582
6583
6584
6585
6586
6587
6588
6589
6590
6591
6592
6593
6594
6595
6596
6597
6598
6599
6600
6601
6602
6603
6604
6605
6606
6607
6608
6609
6610
6611
6612
6613
6614
6615
6616
6617
6618
6619
6620
6621
6622
6623
6624
6625
6626
6627
6628
6629
6630
6631
6632
6635
6638
6639
6640
6641
6642
6643
6644
6645
6646
6647
6648
6649
6650
6651
6652
6653
6654
6655
6656
6657
6658
6659
6660
6661
6662
6663
6664
6665
6666
6667
6668
6669
6670
6671
6672
6673
6674
6675
6680
6681
6682
6683
6684
6685
6686
6687
6688
6689
6690
6691
6692
6693
6694
6695
6696
6697
6698
6699
6700
6701
6702
6703
6705
6706
6707
6708
6709
6710
6712
6713
6714
6715
6716
6717
6718
6719
6720
6722
6723
6724
6726
6727
6728
6729
6730
6731
6732
6733
6734
6736
6737
6738
6739
6740
6741
6742
6743
6744
6746
6747
6748
6749
6750
6751
6752
6753
6754
6755
6756
6757
6758
6759
6760
6761
6762
6763
6764
6765
6766
6767
6768
6769
6770
6771
6772
6773
6774
6775
6776
6777
6779
6780
6781
6782
6783
6784
6786
6787
6788
6789
6790
6791
6792
6793
6794
6796
6797
6798
6800
6801
6802
6803
6804
6805
6806
6807
6808
6810
6811
6812
6813
6814
6815
6816
6817
6818
6820
6821
6823
6824
6825
6826
6827
6828
6829
6830
6831
6832
6833
6834
6835
6836
6837
6838
6839
6840
6841
6842
6843
6844
6845
6846
6847
6848
6849
6850
6851
6852
6853
6854
6855
6856
6857
6858
6859
6860
6861
6862
6863
6864
6865
6866
6867
6868
6869
6870
6872
6873
6874
6875
6877
6878
6879
6880
6881
6882
6883
6884
6885
6886
6887
6888
6889
6890
6891
6892
6893
6894
6896
6897
6898
6899
6900
6901
6902
6903
6904
6905
6906
6907
6908
6909
6910
6911
6912
6913
6914
6915
6916
6917
6920
6921
6922
6924
6925
6926
6927
6928
6929
6930
6931
6933
6935
6936
6937
6938
6939
6940
6941
6943
6945
6946
6947
6948
6949
6950
6951
6952
6954
6956
6959
6960
6961
6962
6963
6964
6965
6966
6967
6968
6969
6970
6971
6972
6973
6974
6975
6976
6977
6978
6979
6980
6981
6982
6983
6984
6985
6986
6987
6988
6989
6990
6991
6992
6993
6994
6995
6996
6997
6998
6999
7000
7001
7002
7003
7004
7005
7006
7007
7008
7009
7010
7011
7012
7013
7014
7015
7016
7017
7018
7019
7020
7021
7022
7023
7024
7025
7026
7027
7028
7029
7030
7031
7032
7033
7034
7035
7036
7037
7038
7039
7040
7041
7042
7043
7044
7045
7046
7047
7048
7049
7050
7051
7052
7053
7054
7055
7056
7057
7058
7059
7060
7061
7062
7063
7064
7065
7066
7067
7068
7069
7070
7071
7072
7073
7074
7075
7076
7077
7078
7079
7080
7081
7082
7083
7084
7085
7086
7087
7088
7089
7090
7091
7092
7093
7094
7095
7096
7097
7098
7099
7100
7101
7102
7103
7104
7105
7106
7107
7108
7109
7110
7111
7112
7113
7114
7115
7116
7117
7118
7119
7120
7121
7122
7123
7124
7125
7126
7127
7128
7129
7130
7131
7132
7133
7134
7135
7136
7137
7138
7139
7140
7141
7142
7143
7144
7145
7146
7147
7148
7149
7150
7151
7152
7153
7154
7155
7156
7157
7158
7159
7160
7161
7162
7163
7164
7165
7166
7167
7168
7169
7170
7171
7172
7173
7174
7175
7176
7177
7178
7179
7180
7181
7182
7183
7184
7185
7186
7187
7188
7189
7190
7191
7192
7193
7194
7195
7196
7197
7198
7199
7200
7201
7202
7203
7204
7205
7206
7207
7208
7209
7210
7211
7212
7213
7214
7215
7216
7217
7218
7219
7220
7221
7222
7223
7224
7225
7226
7227
7228
7229
7230
7231
7232
7233
7234
7235
7236
7237
7238
7239
7240
7241
7242
7243
7244
7245
7246
7247
7248
7249
7250
7251
7252
7253
7254
7255
7256
7257
7258
7259
7260
7261
7262
7263
7264
7265
7266
7267
7268
7269
7270
7271
7272
7273
7274
7275
7276
7277
7278
7279
7280
7281
7282
7283
7284
7285
7286
7287
7288
7289
7290
7291
7292
7293
7294
7295
7296
7297
7298
7299
7300
7301
7302
7303
7304
7305
7306
7307
7308
7309
7310
7311
7312
7313
7314
7315
7316
7317
7318
7319
7320
7321
7322
7323
7324
7325
7326
7327
7328
7329
7330
7331
7332
7333
7334
7335
7336
7337
7338
7339
7340
7341
7342
7343
7344
7345
7346
7347
7349
7352
7355
7357
7360
7362
7364
7365
7366
7367
7370
7372
7374
7375
7376
7377
7380
7382
7383
7384
7385
7388
7390
7393
7396
7399
7402
7405
7408
7409
7410
7411
7414
7416
7417
7418
7419
7422
7424
7425
7426
7427
7429
7431
7435
7437
7439
7441
7444
7445
7446
7447
7449
7452
7454
7455
7456
7457
7459
7462
7464
7467
7470
7472
7474
7475
7476
7477
7480
7482
7484
7485
7486
7487
7490
7492
7493
7494
7495
7498
7500
7503
7506
7509
7512
7515
7518
7519
7520
7521
7524
7526
7527
7528
7529
7532
7534
7535
7536
7537
7539
7541
7546
7547
7549
7551
7554
7555
7556
7557
7559
7562
7564
7565
7566
7567
7568
7569
7570
7571
7572
7573
7574
7575
7576
7577
7578
7579
7580
7581
7582
7584
7585
7586
7587
7588
7589
7590
7591
7592
7593
7594
7595
7596
7597
7598
7600
7601
7602
7603
7604
7605
7606
7607
7608
7609
7610
7611
7612
7613
7614
7615
7616
7617
7618
7619
7620
7621
7622
7623
7624
7625
7626
7627
7628
7629
7630
7631
7632
7633
7634
7635
7636
7637
7640
7641
7642
7643
7644
7645
7646
7647
7648
7649
7650
7651
7652
7653
7654
7656
7658
7659
7660
7661
7662
7663
7664
7665
7666
7667
7668
7669
7670
7671
7672
7673
7675
7676
7677
7678
7679
7680
7681
7682
7683
7684
7685
7686
7687
7688
7689
7692
7693
7694
7695
7696
7697
7698
7699
7700
7701
7702
7703
7704
7705
7706
7707
7708
7709
7710
7711
7712
7713
7714
7715
7716
7717
7718
7719
7720
7721
7722
7723
7724
7725
7726
7727
7729
7730
7731
7732
7733
7734
7735
7736
7737
7738
7739
7740
7741
7742
7743
7745
7746
7747
7748
7749
7750
7751
7752
7753
7754
7755
7756
7757
7758
7759
7760
7761
7762
7763
7765
7766
7767
7768
7769
7770
7771
7772
7773
7774
7778
7780
7781
7782
7784
7785
7786
7787
7788
7789
7790
7791
7792
7795
7796
7797
7798
7799
7800
7801
7802
7803
7804
7805
7806
7807
7808
7809
7810
7811
7812
7813
7814
7815
7816
7817
7818
7819
7820
7821
7822
7823
7824
7825
7826
7827
7828
7829
7830
7831
7832
7833
7834
7835
7836
7837
7838
7839
7840
7841
7842
7843
7844
7845
7846
7847
7848
7849
7851
7854
7856
7858
7859
7860
7861
7862
7863
7864
7866
7867
7868
7869
7870
7871
7872
7874
7876
7877
7878
7879
7883
7884
7885
7886
7889
7892
7895
7896
7897
7901
7902
7903
7906
7907
7908
7909
7911
7913
7915
7916
7917
7918
7920
7922
7924
7925
7926
7928
7931
7934
7937
7938
7939
7940
7943
7946
7948
7949
7950
7951
7953
7955
7956
7957
7960
7961
7962
7963
7965
7967
7968
7969
7973
7978
7980
7982
7983
7984
7985
7988
7989
7990
7991
7994
7996
7998
8000
8001
8002
8003
8007
8008
8009
8010
8013
8016
8019
8020
8021
8025
8026
8027
8030
8031
8032
8033
8035
8037
8039
8040
8041
8042
8044
8046
8048
8049
8051
8052
8055
8058
8060
8062
8063
8064
8067
8070
8072
8073
8074
8075
8077
8079
8080
8081
8084
8085
8086
8087
8089
8091
8092
8093
8097
8102
8104
8106
8107
8108
8109
8112
8113
8114
8115
8118
8120
8121
8122
8123
8124
8125
8126
8127
8128
8129
8130
8131
8132
8134
8135
8136
8137
8138
8139
8140
8141
8142
8143
8144
8145
8146
8147
8148
8149
8150
8151
8152
8153
8154
8155
8156
8157
8158
8159
8160
8161
8162
8163
8164
8165
8166
8167
8168
8169
8170
8171
8172
8173
8174
8175
8176
8177
8178
8179
8180
8181
8182
8183
8184
8185
8187
8188
8189
8190
8191
8192
8193
8194
8195
8196
8197
8199
8200
8201
8202
8203
8204
8205
8206
8207
8208
8209
8210
8211
8212
8213
8214
8215
8216
8217
8218
8219
8220
8221
8222
8223
8224
8225
8226
8227
8228
8229
8230
8231
8232
8233
8234
8235
8236
8237
8238
8239
8240
8241
8242
8243
8244
8245
8246
8247
8248
8249
8250
8251
8252
8253
8254
8255
8256
8257
8258
8259
8260
8261
8262
8263
8264
8265
8266
8267
8268
8269
8270
8271
8272
8273
8274
8275
8276
8277
8278
8279
8280
8281
8282
8283
8284
8285
8286
8287
8288
8289
8290
8291
8292
8293
8294
8295
8296
8297
8298
8299
8300
8301
8302
8303
8304
8305
8306
8307
8308
8309
8310
8311
8312
8313
8314
8315
8316
8317
8318
8319
8320
8321
8322
8323
8324
8325
8326
8327
8328
8329
8330
8331
8332
8333
8334
8335
8336
8337
8338
8339
8340
8341
8342
8343
8344
8345
8346
8347
8348
8349
8350
8351
8352
8353
8354
8355
8356
8357
8358
8359
8360
8361
8362
8363
8364
8365
8366
8367
8368
8369
8370
8371
8372
8373
8374
8375
8376
8377
8378
8379
8380
8381
8382
8383
8384
8385
8387
8388
8389
8390
8391
8392
8393
8394
8395
8396
8397
8398
8399
8400
8401
8402
8403
8404
8405
8406
8407
8408
8409
8410
8411
8412
8413
8414
8415
8416
8417
8418
8419
8420
8421
8422
8423
8424
8425
8426
8427
8428
8429
8430
8431
8432
8433
8434
8435
8436
8437
8438
8439
8440
8441
8442
8443
8444
8445
8446
8447
8448
8449
8450
8451
8452
8453
8454
8455
8456
8457
8458
8459
8461
8462
8463
8464
8465
8466
8467
8469
8470
8471
8472
8473
8474
8475
8476
8477
8478
8479
8480
8481
8482
8483
8484
8485
8486
8487
8488
8489
8490
8491
8492
8493
8494
8495
8496
8497
8498
8499
8500
8501
8502
8503
8504
8505
8506
8507
8508
8509
8510
8511
8512
8513
8514
8515
8516
8517
8518
8519
8520
8521
8522
8523
8524
8525
8527
8528
8529
8530
8531
8532
8533
8534
8535
8536
8537
8538
8539
8540
8541
8542
8543
8544
8545
8546
8547
8548
8549
8552
8554
8555
8558
8559
8560
8561
8562
8563
8564
8565
8566
8567
8568
8569
8570
8571
8572
8573
8574
8575
8576
8577
8578
8579
8580
8581
8582
8583
8584
8585
8586
8587
8588
8589
8591
8593
8594
8596
8598
8599
8600
8601
8602
8603
8604
8605
8606
8607
8608
8609
8610
8611
8612
8613
8614
8615
8616
8617
8618
8620
8621
8622
8623
8624
8625
8626
8627
8628
8629
8630
8631
8632
8633
8634
8635
8636
8637
8638
8639
8640
8641
8642
8643
8645
8646
8647
8648
8649
8650
8651
8652
8653
8654
8655
8656
8657
8658
8659
8660
8661
8662
8664
8665
8666
8667
8668
8669
8670
8671
8672
8673
8674
8675
8676
8677
8678
8679
8680
8681
8682
8683
8684
8685
8686
8687
8689
8690
8691
8692
8693
8694
8695
8696
8697
8698
8699
8700
8701
8702
8703
8704
8705
8706
8707
8708
8709
8710
8711
8712
8713
8714
8715
8716
8717
8718
8720
8721
8724
8725
8726
8727
8728
8729
8730
8731
8732
8733
8734
8735
8736
8737
8738
8740
8741
8742
8743
8745
8747
8748
8749
8751
8752
8753
8755
8756
8757
8758
8759
8760
8761
8762
8763
8765
8766
8767
8768
8769
8770
8771
8772
8773
8774
8775
8776
8777
8778
8779
8780
8781
8782
8783
8784
8785
8786
8787
8788
8789
8790
8791
8792
8793
8794
8795
8796
8797
8798
8799
8800
8801
8802
8803
8804
8805
8806
8807
8808
8809
8810
8811
8812
8813
8814
8815
8816
8817
8818
8819
8820
8821
8822
8823
8824
8825
8826
8827
8828
8829
8830
8831
8832
8833
8834
8835
8836
8837
8838
8839
8840
8841
8842
8843
8844
8845
8846
8847
8848
8849
8850
8851
8852
8853
8854
8855
8856
8857
8858
8859
8860
8861
8862
8863
8864
8865
8866
8867
8869
8870
8871
8872
8873
8874
8875
8876
8877
8878
8879
8880
8882
8883
8884
8885
8888
8890
8891
8892
8893
8894
8895
8896
8897
8898
8899
8900
8901
8902
8903
8904
8905
8906
8907
8908
8909
8910
8911
8912
8913
8914
8915
8916
8917
8918
8922
8923
8924
8925
8926
8927
8928
8930
8931
8932
8934
8935
8936
8937
8938
8939
8940
8941
8942
8943
8944
8945
8946
8947
8948
8949
8950
8951
8952
8953
8954
8955
8956
8957
8958
8959
8960
8961
8963
8965
8967
8968
8969
8970
8971
8972
8973
8974
8975
8976
8977
8978
8979
8980
8981
8983
8985
8986
8987
8988
8989
8990
8991
8992
8993
8994
8995
8996
8997
8998
8999
9000
9001
9002
9003
9004
9005
9006
9007
9008
9009
9010
9011
9012
9013
9014
9016
9017
9018
9019
9020
9021
9022
9023
9024
9025
9026
9027
9028
9029
9030
9031
9032
9033
9034
9035
9036
9037
9038
9039
9040
9041
9042
9043
9044
9045
9046
9047
9048
9049
9050
9051
9052
9053
9054
9056
9057
9058
9059
9060
9061
9062
9063
9064
9065
9066
9067
9068
9069
9070
9071
9072
9073
9074
9075
9076
9077
9078
9079
9080
9081
9082
9083
9084
9085
9086
9087
9088
9089
9090
9091
9092
9093
9094
9095
9096
9097
9098
9099
9100
9101
9102
9103
9104
9105
9106
9107
9108
9109
9110
9111
9112
9113
9114
9115
9116
9117
9118
9119
9120
9121
9122
9123
9124
9125
9126
9127
9128
9129
9130
9131
9132
9133
9134
9135
9136
9137
9138
9139
9140
9141
9142
9143
9144
9145
9146
9147
9148
9149
9150
9151
9152
9153
9154
9155
9156
9157
9158
9159
9160
9161
9162
9163
9164
9165
9166
9167
9168
9169
9170
9171
9172
9173
9174
9175
9176
9177
9178
9179
9180
9181
9182
9183
9184
9186
9187
9188
9190
9191
9193
9194
9195
9196
9198
9199
9201
9202
9203
9204
9205
9206
9207
9209
9210
9212
9213
9214
9215
9216
9217
9218
9219
9220
9221
9222
9223
9225
9226
9227
9228
9229
9230
9231
9232
9233
9234
9235
9236
9237
9238
9239
9240
9241
9242
9243
9244
9245
9246
9247
9248
9249
9250
9251
9252
9253
9254
9255
9256
9257
9258
9259
9260
9261
9262
9263
9264
9265
9266
9267
9268
9269
9270
9271
9272
9273
9274
9275
9276
9277
9278
9279
9280
9281
9282
9283
9284
9285
9286
9287
9491
9492
9507
9508
9529
9530
9531
9532
9561
9562
9563
9567
9568
9569
9570
9571
9572
9576
9577
9578
9599
9600
9601
9602
9631
9632
9633
9634
9635
9637
9638
9639
9640
9641
9642
9644
9645
9646
9647
9669
9670
9671
9672
9701
9702
9703
9704
9705
9706
9707
9708
9709
9710
9711
9712
9713
9735
9736
9737
9738
9768
9769
9770
9771
9772
9773
9774
9775
9776
9777
9778
9800
9801
9802
9833
9834
9835
9836
9837
9838
9839
9840
9841
9842
9864
9865
9866
9897
9898
9899
9900
9901
9902
9903
9904
9905
9906
9928
9929
9930
9962
9963
9964
9965
9966
9967
9968
9969
9970
9992
9993
9994
10025
10027
10028
10029
10030
10031
10032
10033
10034
10035
10057
10058
10059
10060
10090
10091
10093
10095
10096
10097
10098
10100
10101
10102
10125
10126
10127
10128
10157
10159
10163
10164
10165
10166
10167
10168
10174
10195
10196
10197
10198
10227
10228
10243
10265
10266
10267
10268
10294
10295
10296
10297
10298
10299
10300
10301
10302
10303
10304
10305
10306
10307
10308
10309
10310
10311
10312
10313
10314
10315
10316
10317
10318
10319
10320
10321
10322
10323
10324
10325
10326
10327
10328
10329
10330
10331
10332
10333
10334
10335
10336
10337
10338
10339
10340
10341
10342
10343
10344
10345
10346
10347
10348
10349
10350
10351
10352
10353
10354
10355
10356
10357
10358
10359
10360
10361
10362
10363
10364
10365
10366
10367
10368
10369
10370
10371
10372
10373
10374
10375
10376
10377
10378
10379
10380
10381
10382
10383
10384
10385
10386
10387
10388
10389
10390
10391
10392
10393
10394
10395
10396
10397
10398
10399
10400
10401
10402
10403
10404
10405
10406
10407
10408
10409
10410
10411
10412
10413
10414
10415
10416
10417
10418
10419
10420
10421
10422
10423
10424
10425
10426
10427
10428
10429
10430
10431
10432
10433
10434
10435
10446
10449
10452
10494
10497
10500
10559
10562
10563
10564
10565
10566
10567
10568
10569
10570
10657
10658
10659
10661
10662
10665
10678
10679
10681
10682
10684
10687
10688
10691
10705
10706
10707
10708
10709
10771
10774
10775
10776
10777
10778
10779
10780
10781
10782
10870
10871
10872
10874
10876
10877
10879
10880
10884
10885
10888
10889
10890
10891
10892
10893
10894
10895
10896
10898
10899
10901
10902
10903
10904
10906
10907
10908
10909
10910
10911
10912
10913
10918
10919
10920
10921
10922
10923
10924
10925
10926
10987
10990
10991
10992
10993
10994
10995
10996
10997
10998
11085
11086
11087
11089
11090
11091
11092
11093
11094
11096
11097
11098
11099
11100
11101
11102
11103
11104
11105
11106
11107
11108
11109
11110
11111
11112
11113
11114
11115
11116
11117
11118
11119
11120
11121
11122
11123
11124
11125
11126
11127
11129
11130
11191
11194
11195
11196
11197
11198
11199
11200
11201
11202
11289
11291
11292
11294
11295
11297
11299
11300
11301
11302
11303
11304
11305
11306
11307
11308
11309
11310
11311
11312
11313
11314
11315
11316
11317
11318
11319
11320
11321
11322
11323
11324
11325
11326
11327
11328
11329
11330
11333
11394
11397
11398
11399
11400
11401
11402
11404
11405
11495
11499
11500
11502
11503
11504
11505
11507
11508
11509
11510
11511
11512
11513
11514
11515
11516
11517
11519
11521
11523
11524
11525
11526
11590
11593
11594
11595
11596
11597
11598
11601
11696
11697
11698
11700
11701
11702
11703
11704
11705
11706
11707
11708
11709
11710
11711
11712
11713
11715
11716
11790
11793
11892
11893
11895
11896
11897
11898
11899
11900
11901
11902
11903
11904
11905
11906
11907
11908
11909
11910
11911
11912
11913
11915
11917
11918
11982
11985
11986
11987
11988
11989
11990
11992
11993
12084
12085
12091
12092
12094
12095
12096
12097
12098
12099
12100
12101
12102
12103
12104
12105
12106
12107
12108
12109
12110
12111
12112
12113
12114
12115
12117
12119
12120
12123
12125
12187
12190
12191
12192
12193
12194
12195
12197
12198
12288
12289
12292
12293
12297
12299
12300
12301
12302
12303
12304
12305
12306
12308
12309
12310
12311
12312
12313
12314
12315
12316
12317
12318
12319
12323
12326
12327
12328
12331
12393
12396
12397
12398
12399
12400
12401
12402
12403
12404
12491
12494
12495
12496
12497
12498
12501
12502
12506
12511
12512
12513
12514
12515
12516
12517
12518
12519
12520
12524
12525
12526
12527
12528
12529
12530
12532
12533
12534
12535
12536
12538
12539
12545
12546
12548
12549
12551
12614
12617
12618
12619
12620
12621
12622
12623
12624
12625
12712
12713
12717
12718
12719
12720
12726
12733
12736
12739
12742
12756
12757
12826
12829
12830
12831
12832
12833
12834
12835
12836
12837
12997
12999
13000
13001
13002
13003
13004
13063
13065
13067
13095
13097
13099
13203
13204
13205
13206
13208
13217
13218
13219
13220
13221
13223
13224
13226
13235
13236
13237
13238
13344
13345
13346
13347
13348
13349
13351
13354
13355
13357
13358
13359
13360
13361
13362
13363
13364
13369
13370
13371
13372
13374
13375
13376
13377
13378
13379
13380
13383
13384
13385
13386
13387
13388
13494
13495
13496
13497
13498
13499
13500
13501
13502
13503
13504
13505
13506
13507
13508
13509
13510
13511
13512
13513
13514
13515
13516
13517
13518
13519
13520
13521
13522
13523
13524
13525
13526
13528
13634
13636
13638
13639
13640
13641
13642
13643
13644
13645
13646
13647
13648
13649
13650
13651
13652
13653
13654
13655
13656
13657
13658
13659
13660
13661
13662
13664
13665
13666
13667
13777
13779
13780
13781
13782
13783
13784
13785
13786
13787
13788
13789
13790
13791
13792
13793
13794
13795
13797
13798
13800
13801
13913
13915
13916
13917
13918
13919
13920
13921
13922
13923
13924
13925
13926
13927
13928
13929
13931
13933
13935
14049
14051
14052
14053
14054
14055
14056
14057
14058
14059
14060
14061
14062
14063
14064
14065
14066
14067
14068
14069
14180
14185
14187
14188
14189
14190
14191
14192
14193
14194
14195
14196
14197
14198
14199
14200
14201
14202
14203
14204
14205
14206
14207
14208
14209
14210
14322
14323
14325
14328
14330
14331
14332
14333
14334
14335
14337
14338
14339
14340
14341
14342
14343
14344
14345
14346
14347
14348
14349
14462
14464
14465
14466
14467
14469
14470
14472
14476
14477
14478
14479
14480
14481
14482
14483
14484
14490
14491
14492
14493
14494
14496
14497
14498
14499
14500
14502
14617
14618
14621
14622
14631
14633
14635
14637
14822
14823
14824
14825
14826
14827
14828
14832
14833
14834
14835
14836
14837
14838
14839
14840
14841
14842
14843
14844
14845
14846
14847
14848
14849
14850
14851
14852
14853
14854
14855
14856
14857
14858
14859
14860
14861
14862
14863
14864
14865
14867
14868
14869
14870
14871
14872
14873
14874
14878
14879
14880
14881
14883
14885
14886
14887
14888
14889
14890
14891
14892
14893
14895
14897
14899
14901
14902
14903
14904
14905
14906
14907
14908
14909
14911
14913
14914
14915
14916
14917
14918
14919
14920
14921
14922
14923
14924
14925
14926
14927
14928
14929
14930
14931
14932
14933
14934
14935
14936
14937
14938
14939
14940
14941
14942
14943
14944
14945
14946
14947
14948
14949
14950
14951
14952
14953
14954
14955
14956
14957
14958
14959
14960
14961
14962
14963
14964
14965
14966
14967
14968
14969
14971
14973
14974
14975
14977
14979
14980
14981
14983
14985
14986
14987
14988
14990
14991
14993
14995
14997
14998
14999
15000
15002
15004
15005
15007
15008
15009
15010
15012
15013
15015
15016
15017
15018
15021
15023
15024
15025
15026
15029
15031
15032
15033
15034
15036
15037
15038
15039
15040
15042
15043
15044
15045
15046
15048
15049
15051
15053
15055
15056
15057
15059
15060
15062
15063
15065
15067
15069
15070
15071
15073
15074
15075
15077
15078
15079
15081
15083
15085
15087
15089
15091
15092
15094
15095
15097
15099
15101
15102
15104
15106
15107
15109
15111
15112
15114
15117
15119
15122
15124
15126
15127
15129
15130
15132
15133
15135
15137
15139
15141
15142
15144
15145
15147
15149
15151
15153
15155
15156
15157
15158
15159
15160
15161
15163
15165
15166
15167
15168
15169
15170
15171
15172
15173
15174
15175
15176
15177
15178
15179
15180
15181
15182
15183
15184
15185
15186
15187
15188
15189
15190
15191
15192
15193
15194
15196
15198
15199
15200
15202
15204
15205
15206
15208
15210
15212
15213
15214
15216
15217
15218
15220
15222
15224
15226
15228
15230
15232
15239
15241
15242
15243
15244
15256
15258
15260
15262
15271
15273
15274
15275
15276
15317
15318
15319
15320
15321
15322
15324
15380
15382
15383
15384
15385
15387
15393
15394
15396
15397
15398
15399
15400
15402
15403
15404
15406
15407
15408
15410
15411
15412
15413
15414
15415
15419
15421
15424
15425
15426
15427
15429
15470
15471
15472
15473
15474
15475
15477
15533
15535
15536
15537
15538
15539
15540
15542
15543
15544
15545
15546
15547
15548
15549
15550
15551
15552
15553
15554
15556
15557
15558
15559
15560
15562
15563
15564
15565
15566
15567
15568
15569
15570
15571
15572
15573
15574
15575
15576
15577
15579
15580
15581
15582
15583
15584
15585
15628
15629
15630
15631
15632
15633
15635
15691
15693
15694
15695
15696
15697
15698
15699
15700
15701
15702
15703
15704
15705
15706
15707
15708
15709
15710
15711
15712
15713
15714
15715
15716
15717
15718
15719
15720
15721
15722
15723
15724
15725
15726
15727
15728
15729
15730
15731
15732
15775
15776
15777
15778
15779
15780
15842
15843
15844
15845
15846
15847
15848
15849
15850
15851
15852
15853
15854
15855
15856
15857
15858
15859
15860
15861
15862
15864
15865
15866
15867
15868
15869
15871
15872
15874
15917
15918
15919
15920
15921
15922
15984
15986
15987
15988
15989
15990
15991
15992
15993
15994
15995
15996
15997
15998
15999
16000
16001
16002
16003
16004
16005
16006
16007
16008
16011
16057
16059
16126
16128
16129
16130
16131
16132
16133
16134
16135
16136
16137
16138
16139
16140
16141
16142
16143
16144
16145
16146
16147
16148
16149
16150
16151
16152
16154
16197
16198
16199
16200
16202
16268
16270
16271
16272
16273
16274
16275
16276
16277
16278
16279
16280
16281
16282
16283
16284
16285
16286
16287
16288
16289
16290
16291
16292
16337
16338
16339
16340
16341
16342
16402
16405
16410
16411
16412
16413
16414
16415
16416
16417
16418
16419
16420
16421
16422
16423
16424
16425
16426
16427
16428
16429
16430
16431
16432
16433
16434
16435
16436
16437
16438
16485
16486
16487
16488
16489
16490
16492
16550
16551
16552
16553
16555
16558
16559
16560
16561
16562
16564
16566
16568
16569
16570
16571
16572
16573
16574
16575
16576
16577
16579
16580
16581
16582
16583
16584
16585
16586
16587
16588
16590
16639
16640
16641
16642
16643
16644
16646
16704
16705
16706
16708
16709
16716
16718
16719
16720
16721
16722
16723
16725
16726
16727
16728
16730
16731
16732
16733
16735
16736
16737
16738
16739
16740
16741
16796
16797
16798
16799
16800
16801
16803
16857
16859
16896
16897
16898
16925
16926
16927
16928
16929
16930
16932
16933
16934
16935
16936
16937
16938
16939
16940
16941
16942
16943
16944
16945
16946
16947
16948
16949
16950
16951
16952
16953
16954
16955
16956
16957
16958
16959
16960
16961
16962
16963
16964
16965
16966
16967
16968
16969
16970
16971
16972
16973
16975
16976
16977
16978
16979
16981
16982
16983
16984
16985
16986
16987
16988
16989
16990
16991
16992
16993
16994
16995
16996
16997
16998
16999
17000
17001
17002
17003
17004
17005
17006
17007
17008
17009
17011
17012
17013
17014
17015
17016
17017
17018
17019
17020
17021
17022
17023
17024
17025
17026
17027
17028
17029
17030
17031
17032
17033
17034
17035
17036
17037
17038
17039
17040
17041
17042
17043
17044
17045
17046
17047
17048
17049
17050
17051
17052
17053
17054
17055
17056
17057
17058
17059
17060
17061
17062
17063
17064
17065
17066
17067
17068
17069
17070
17071
17072
17073
17074
17075
17076
17077
17078
17079
17080
17082
17083
17084
17085
17086
17087
17088
17089
17090
17091
17092
17093
17094
17095
17096
17097
17098
17099
17100
17101
17102
17104
17105
17106
17107
17108
17109
17110
17111
17112
17113
17114
17115
17116
17117
17118
17119
17120
17121
17122
17123
17124
17125
17126
17127
17128
17129
17130
17131
17132
17133
17134
17135
17136
17137
17138
17139
17140
17141
17142
17143
17144
17145
17146
17147
17148
17149
17150
17151
17152
17153
17154
17196
17197
17198
17199
17266
17267
17268
17269
17753
17754
17755
17756
17757
17758
17759
17760
17761
17762
17763
17764
17765
17766
17767
17768
17769
17770
17771
17772
17773
17774
17775
17776
17777
17778
17779
17780
17781
17782
17783
17784
17785
17786
17787
17788
17789
17790
17791
17792
17797
17798
17799
17800
19019
19024
19039
19040
19061
19065
19072
19073
19074
19075
19076
19081
19082
19103
19107
19109
19111
19112
19113
19114
19118
19119
19120
19141
19146
19148
19150
19151
19152
19153
19154
19155
19177
19183
19184
19185
19186
19187
19188
19189
19211
19217
19218
19219
19220
19221
19222
19223
19245
19250
19251
19252
19253
19254
19255
19256
19257
19279
19285
19286
19287
19288
19289
19313
19320
19321
19322
19323
19324
19349
19354
19357
19359
19360
19361
19362
19387
19393
19395
19397
19399
19400
19401
19403
19408
19429
19433
19442
19447
19449
19450
19496
19497
19498
19500
19501
19502
19503
19504
19505
19511
19550
19554
19556
19560
19599
19603
19604
19605
19606
19607
19608
19609
19610
19611
19612
19613
19614
19615
19616
19617
19780
19781
19782
19785
19786
19788
19789
19790
19791
19792
19794
19796
19798
19799
19816
19820
19821
19822
19825
19826
19828
19830
19831
19832
19833
19834
19835
19836
19837
19838
19839
19840
19841
19842
19843
19844
19845
19846
19847
19848
19849
19850
19851
19852
19853
19854
19855
19858
19859
19862
19864
19868
19876
19884
19885
19886
19888
19889
19890
19891
19892
19893
19894
19895
19896
19897
19898
19899
19901
19902
19903
20066
20067
20068
20070
20072
20074
20076
20077
20078
20079
20080
20081
20082
20083
20084
20085
20086
20088
20090
20092
20095
20096
20097
20099
20100
20103
20104
20106
20107
20108
20109
20110
20111
20112
20113
20114
20115
20116
20117
20118
20119
20120
20121
20122
20123
20126
20127
20128
20129
20130
20131
20132
20133
20134
20135
20136
20138
20140
20142
20143
20144
20145
20146
20147
20148
20149
20150
20151
20152
20153
20154
20155
20156
20158
20160
20162
20332
20333
20334
20335
20336
20337
20338
20339
20340
20341
20342
20343
20344
20345
20346
20347
20348
20349
20350
20351
20352
20353
20354
20355
20357
20358
20359
20360
20361
20362
20363
20364
20365
20366
20367
20368
20369
20370
20371
20372
20373
20375
20376
20377
20379
20380
20381
20382
20383
20384
20385
20386
20387
20388
20389
20390
20391
20392
20393
20394
20395
20396
20397
20398
20399
20400
20401
20577
20579
20580
20581
20582
20583
20584
20585
20586
20587
20588
20589
20590
20591
20592
20593
20594
20595
20596
20597
20598
20599
20600
20601
20602
20603
20604
20605
20606
20607
20608
20609
20610
20611
20612
20613
20614
20615
20616
20617
20618
20619
20620
20621
20622
20623
20624
20625
20626
20627
20628
20629
20630
20631
20632
20808
20810
20812
20814
20815
20816
20817
20818
20819
20820
20821
20822
20823
20824
20825
20826
20827
20828
20829
20830
20831
20832
20833
20834
20835
20836
20837
20838
20839
20840
20841
20842
20843
20844
20845
20846
20847
20848
20849
20850
20851
20852
20853
20854
20855
20856
20858
20860
20862
21039
21041
21042
21043
21045
21046
21048
21049
21050
21052
21053
21054
21055
21056
21057
21058
21059
21060
21061
21062
21063
21064
21065
21066
21067
21068
21069
21070
21071
21072
21073
21074
21075
21076
21077
21078
21079
21080
21081
21082
21084
21085
21086
21088
21089
21091
21092
21093
21268
21279
21280
21283
21284
21286
21287
21288
21290
21291
21292
21293
21294
21295
21296
21297
21298
21299
21300
21301
21302
21303
21304
21305
21306
21308
21309
21310
21312
21313
21316
21317
21319
21321
21323
21325
21497
21499
21507
21517
21518
21521
21522
21524
21525
21526
21528
21529
21530
21531
21532
21533
21534
21535
21536
21537
21538
21539
21540
21541
21542
21543
21544
21546
21547
21548
21550
21551
21554
21555
21559
21563
21567
21741
21742
21743
21744
21745
21749
21750
21751
21752
21759
21767
21768
21769
21770
21771
21772
21773
21774
21775
21777
21778
21779
21781
21783
21784
21785
21787
21788
21789
21791
21792
21793
21797
21798
21799
21801
21802
21803
21804
21805
21806
21807
21808
21811
21815
21819
21823
21824
21827
21828
21831
21835
21998
21999
22001
22002
22003
22007
22008
22010
22011
22015
22016
22017
22018
22027
22029
22031
22033
22037
22042
22043
22046
22047
22048
22049
22051
22052
22053
22054
22055
22056
22057
22058
22059
22060
22061
22062
22063
22064
22065
22066
22067
22068
22069
22070
22071
22072
22073
22074
22075
22076
22079
22080
22085
22089
22091
22093
22095
22103
22104
22107
22108
22110
22111
22112
22114
22115
22116
22119
22120
22123
22288
22289
22291
22292
22293
22296
22297
22302
22304
22306
22310
22341
22345
22351
22386
22390
22392
22394
22396
22399
22400
22403
22404
22405
22407
22408
22409
22551
22552
22553
22567
22635
22639
22720
22721
22722
22737
22739
22740
22741
22742
22743
22744
22745
22746
22747
22749
22751
22774
22775
22778
22780
22781
22783
22784
22789
22790
22791
22793
22795
22817
22818
22819
22820
22821
22822
22824
22825
22826
22828
22931
22932
22933
22948
22950
22951
22952
22953
22955
22957
22959
22961
22962
22963
22964
22966
22967
22970
22975
22976
22978
22979
22982
22984
22985
22987
22990
22992
22994
22996
22998
23001
23005
23007
23008
23009
23010
23011
23012
23013
23014
23015
23016
23017
23018
23019
23124
23125
23126
23141
23144
23145
23147
23149
23150
23151
23152
23155
23156
23158
23160
23162
23163
23164
23165
23167
23168
23169
23170
23171
23172
23173
23174
23175
23176
23177
23178
23179
23181
23182
23183
23184
23185
23186
23187
23188
23189
23190
23192
23194
23195
23196
23197
23198
23199
23304
23305
23306
23321
23324
23325
23326
23330
23331
23333
23335
23336
23337
23338
23339
23340
23342
23344
23345
23346
23347
23348
23349
23353
23354
23355
23356
23357
23358
23359
23360
23361
23362
23363
23364
23365
23369
23474
23475
23476
23501
23502
23503
23504
23505
23507
23508
23509
23510
23511
23512
23513
23514
23515
23516
23517
23518
23519
23520
23521
23522
23524
23526
23527
23528
23529
23530
23531
23532
23643
23671
23672
23673
23674
23676
23677
23679
23681
23682
23683
23684
23685
23686
23687
23689
23690
23691
23694
23697
23699
23810
23811
23812
23837
23839
23841
23842
23843
23844
23845
23846
23847
23848
23849
23850
23851
23852
23853
23854
23855
23856
23857
23858
23859
23860
23862
23863
23864
23865
23868
23978
23979
23980
23997
24003
24004
24010
24012
24014
24015
24016
24017
24018
24019
24020
24021
24022
24023
24024
24025
24027
24028
24029
24030
24033
24034
24036
24038
24042
24043
24148
24149
24150
24167
24172
24173
24176
24177
24178
24179
24185
24187
24189
24190
24191
24192
24194
24195
24196
24197
24198
24199
24200
24201
24202
24204
24205
24208
24209
24211
24213
24215
24217
24218
24220
24222
24328
24329
24330
24347
24350
24351
24352
24353
24354
24357
24358
24360
24361
24362
24363
24364
24367
24370
24372
24376
24378
24379
24380
24382
24384
24389
24390
24391
24392
24393
24398
24403
24405
24406
24408
24410
24412
24414
24521
24522
24523
24540
24543
24544
24546
24547
24548
24549
24550
24551
24552
24558
24561
24562
24573
24575
24578
24579
24582
24584
24585
24588
24590
24592
24593
24594
24608
24611
24612
24618
24620
24623
24626
24627
24732
24733
24745
24753
24809
24916
24920
24984
24988
25084
25085
25087
25088
25089
25090
25091
25092
25093
25094
25095
25096
25097
25098
25122
25123
25128
25131
25132
25138
25141
25143
25164
25165
25166
25167
25168
25170
25172
25176
25294
25295
25297
25298
25299
25300
25301
25302
25303
25304
25305
25306
25307
25308
25309
25310
25311
25317
25323
25324
25325
25326
25330
25331
25333
25336
25337
25339
25345
25348
25351
25352
25354
25356
25357
25358
25359
25360
25361
25362
25363
25364
25365
25486
25487
25490
25491
25492
25493
25494
25495
25496
25497
25498
25501
25502
25503
25504
25505
25506
25508
25509
25510
25511
25513
25514
25515
25516
25517
25518
25519
25520
25521
25522
25523
25524
25525
25527
25528
25529
25530
25531
25532
25533
25534
25535
25536
25538
25540
25541
25542
25543
25544
25665
25666
25669
25670
25671
25675
25676
25677
25678
25679
25680
25681
25682
25683
25684
25685
25687
25689
25690
25691
25692
25693
25694
25699
25700
25701
25702
25703
25704
25705
25706
25707
25708
25709
25710
25844
25845
25846
25847
25848
25849
25851
25852
25853
25855
25856
25857
25858
25859
25860
25862
25865
25866
25868
25870
25871
25872
25873
25874
25875
26011
26014
26015
26018
26019
26020
26021
26022
26024
26025
26026
26027
26028
26029
26030
26032
26037
26040
26042
26178
26179
26181
26183
26184
26185
26186
26187
26188
26189
26190
26191
26192
26193
26194
26195
26196
26197
26198
26199
26200
26201
26202
26203
26204
26205
26206
26207
26208
26338
26340
26344
26350
26351
26353
26355
26356
26357
26358
26359
26360
26361
26362
26363
26364
26365
26366
26367
26368
26369
26370
26371
26372
26374
26375
26377
26507
26512
26513
26514
26516
26517
26518
26524
26525
26527
26529
26530
26531
26532
26533
26534
26535
26536
26537
26539
26540
26541
26542
26543
26544
26545
26546
26548
26549
26551
26686
26688
26689
26690
26691
26692
26696
26697
26698
26700
26701
26702
26706
26709
26713
26715
26717
26718
26720
26722
26723
26725
26728
26729
26731
26737
26878
26880
26881
26882
26884
26885
26886
26887
26888
26889
26895
26896
26899
26911
26913
26916
26922
26923
26926
26931
26932
26945
26946
26949
26967
27090
27236
27238
27239
27241
27242
27243
27244
27245
27246
27247
27248
27249
27250
27251
27252
27253
27254
27255
27257
27258
27259
27262
27263
27264
27265
27266
27267
27268
27269
27270
27271
27272
27273
27274
27275
27276
27277
27278
27279
27280
27281
27282
27283
27284
27285
27286
27287
27288
27289
27290
27291
27293
27294
27296
27297
27298
27299
27300
27301
27302
27303
27304
27305
27306
27307
27308
27309
27310
27311
27313
27314
27315
27316
27317
27318
27319
27320
27321
27322
27323
27324
27325
27326
27327
27328
27329
27330
27332
27333
27334
27335
27336
27337
27338
27339
27340
27341
27342
27343
27344
27345
27346
27347
27348
27349
27350
27351
27352
27353
27354
27355
27356
27357
27358
27359
27360
27361
27362
27363
27364
27365
27366
27367
27387
27388
27389
27391
27392
27393
27394
27395
27396
27397
27437
27443
27482
27483
27484
27485
27486
27487
27488
27490
27492
27493
27632
27633
27635
27636
27637
27638
27639
27640
27641
27642
27643
27644
27645
27646
27647
27649
27669
27670
27671
27672
27673
27674
27675
27676
27677
27678
27679
27680
27681
27682
27683
27684
27685
27686
27687
27688
27689
27690
27691
27692
27693
27695
27696
27697
27698
27699
27708
27709
27718
27719
27720
27721
27722
27723
27724
27725
27726
27727
27728
27729
27730
27731
27733
27734
27735
27874
27875
27876
27877
27879
27880
27881
27882
27883
27885
27886
27887
27888
27889
27890
27891
27893
27895
27897
27900
27901
27903
27904
27907
27910
27911
27912
27913
27914
27915
27916
27917
27918
27921
27924
27925
27927
27929
27932
27933
27934
27935
27936
27937
27938
27939
27940
27941
27942
27943
27944
27945
27946
27947
27948
27949
28092
28095
28097
28098
28099
28102
28103
28104
28105
28106
28107
28109
28110
28111
28112
28113
28114
28115
28117
28118
28119
28120
28121
28122
28123
28124
28125
28126
28127
28128
28129
28131
28133
28134
28135
28136
28137
28138
28139
28140
28141
28142
28143
28144
28145
28146
28147
28148
28150
28152
28153
28298
28304
28305
28306
28307
28309
28310
28311
28312
28313
28314
28315
28317
28318
28319
28320
28321
28322
28323
28324
28325
28326
28327
28328
28329
28330
28331
28333
28335
28336
28337
28338
28339
28340
28341
28342
28343
28344
28345
28346
28347
28348
28349
28500
28502
28503
28504
28505
28507
28508
28509
28510
28511
28512
28513
28514
28515
28516
28517
28518
28519
28520
28521
28522
28523
28524
28525
28526
28527
28528
28529
28530
28531
28532
28533
28535
28537
28538
28539
28540
28541
28543
28544
28545
28696
28698
28700
28701
28702
28703
28704
28705
28706
28707
28708
28709
28710
28711
28712
28713
28714
28715
28716
28717
28718
28719
28720
28721
28722
28723
28724
28725
28726
28727
28728
28729
28730
28731
28732
28733
28734
28735
28736
28737
28739
28740
28741
28898
28900
28902
28903
28904
28905
28906
28907
28908
28909
28910
28911
28912
28913
28914
28915
28916
28917
28918
28919
28920
28921
28922
28923
28924
28925
28926
28927
28928
28930
28931
28932
28934
28936
28937
29083
29091
29092
29093
29100
29102
29104
29105
29106
29107
29108
29110
29111
29112
29113
29114
29115
29116
29117
29118
29119
29120
29121
29122
29124
29125
29126
29127
29128
29130
29131
29132
29134
29136
29137
29141
29142
29143
29289
29290
29291
29294
29295
29296
29297
29299
29302
29303
29304
29305
29312
29314
29315
29317
29318
29320
29321
29324
29325
29326
29327
29328
29329
29330
29331
29332
29333
29335
29338
29339
29341
29343
29344
29346
29348
29349
29351
29353
29354
29355
29357
29359
29365
29506
29507
29508
29509
29510
29511
29512
29513
29518
29519
29520
29521
29523
29530
29531
29542
29543
29544
29546
29547
29548
29549
29550
29551
29552
29553
29554
29555
29556
29557
29558
29559
29560
29561
29562
29563
29564
29565
29566
29567
29568
29569
29570
29572
29573
29580
29582
29593
29595
29598
29600
29604
29607
29608
29609
29748
29750
29753
29754
29756
29757
29758
29759
29760
29761
29838
29840
29844
29847
29848
29849
29851
30000
30003
30008
30011
30016
30128
30136
30139
30144
30147
30334
30337
30340
30342
30343
30344
30347
30350
30351
30352
30353
30357
30360
30361
30362
30363
30404
30407
30412
30413
30414
30417
30423
30424
30431
30432
30434
30437
30443
30447
30451
30453
30494
30497
30500
30501
30502
30503
30504
30507
30510
30512
30521
30747
30750
30753
30755
30756
30757
30760
30763
30764
30765
30766
30767
30770
30773
30774
30775
30776
30780
30783
30784
30795
30797
30800
30806
30810
30813
30814
30820
30823
30826
30828
30830
30833
30839
30847
30850
30853
30856
30858
30860
30863
30866
30867
30868
30869
30870
30873
30876
30877
30878
30879
31113
31116
31119
31122
31123
31126
31129
31130
31131
31132
31133
31136
31139
31140
31143
31146
31149
31150
31151
31152
31153
31156
31160
31161
31162
31163
31166
31170
31171
31172
31173
31176
31179
31182
31183
31184
31185
31186
31189
31193
31194
31195
31196
31199
31202
31203
31204
31205
31206
31209
31212
31214
31219
31222
31223
31224
31225
31459
31465
31468
31469
31475
31479
31482
31485
31486
31487
31488
31489
31492
31495
31496
31497
31498
31499
31502
31506
31508
31509
31512
31515
31522
31525
31528
31529
31530
31531
31532
31535
31538
31539
31540
31541
31548
31795
31805
31808
31811
31812
31813
31814
31815
31818
31822
31823
31824
31825
31828
31831
31832
31833
31834
31835
31841
31844
31847
31848
31855
31857
31858
31861
31864
31865
31866
31867
32131
32139
32140
32141
32144
32148
32149
32150
32151
32154
32157
32159
32160
32161
32167
32170
32171
32173
32177
32183
32187
32191
32193
32463
32465
32467
32473
32474
32475
32476
32477
32480
32483
32484
32485
32486
32487
32490
32493
32496
32497
32498
32499
32500
32503
32506
32507
32508
32509
32510
32513
32516
32517
32518
32771
32776
32782
32799
32801
32803
32809
32810
32811
32812
32813
32816
32819
32822
32825
32828
32829
32830
32831
32832
32835
32838
32839
32840
32848
32850
32855
33103
33105
33108
33113
33114
33118
33122
33123
33124
33135
33141
33143
33145
33148
33151
33152
33153
33154
33155
33158
33161
33164
33167
33170
33171
33172
33173
33174
33180
33181
33182
33190
33192
33194
33197
33207
33447
33455
33457
33460
33463
33464
33465
33466
33467
33470
33475
33476
33480
33484
33485
33486
33487
33495
33497
33503
33514
33516
33517
33520
33526
33532
33535
33543
33544
33545
33551
33562
33565
33568
33575
33578
33585
33828
33831
33836
33844
33845
33847
33848
33851
33854
33855
33856
33857
33874
33877
33898
33904
33906
33908
33914
33918
33925
33926
33928
33934
33944
33945
33974
33977
33978
34015
34239
34435
34440
34445
34515
34520
34525
34642
34645
34648
34651
34657
34684
34687
34690
34693
34696
34702
34705
34711
34738
34741
34744
34747
34889
34892
34895
34898
34901
34904
34910
34919
34922
34928
34934
34937
34940
34943
34952
34955
34958
34961
34964
34967
35109
35112
35115
35118
35121
35124
35127
35130
35133
35136
35139
35142
35145
35148
35151
35154
35157
35160
35163
35166
35169
35175
35317
35323
35329
35332
35335
35338
35341
35344
35347
35350
35356
35359
35362
35365
35519
35525
35528
35531
35534
35537
35540
35543
35549
35552
35558
35561
35721
35727
35730
35733
35736
35739
35745
35751
35757
35923
35929
35932
35935
35938
35941
35944
35947
35950
35953
36110
36125
36131
36134
36137
36140
36143
36146
36149
36309
36312
36318
36327
36333
36336
36339
36342
36345
36348
36351
36354
36517
36523
36526
36529
36532
36538
36541
36547
36559
36562
36568
36574
36577
36583
36752
36755
36764
36767
36794
36800
36806
36812
37064
37066
37081
37085
37087
37088
37114
37118
37146
37147
37148
37149
37151
37152
37153
37234
37236
37254
37255
37257
37258
37259
37260
37261
37263
37264
37265
37267
37268
37287
37289
37290
37291
37292
37293
37295
37296
37297
37298
37299
37301
37302
37303
37304
37305
37306
37307
37308
37310
37312
37313
37331
37332
37334
37335
37336
37337
37338
37339
37340
37341
37342
37343
37445
37447
37465
37466
37467
37468
37469
37470
37471
37473
37474
37475
37476
37477
37478
37479
37481
37484
37485
37489
37490
37491
37492
37494
37497
37498
37499
37501
37502
37503
37504
37506
37510
37512
37513
37519
37520
37521
37522
37523
37524
37525
37526
37527
37528
37529
37530
37531
37532
37533
37635
37637
37656
37660
37661
37662
37663
37664
37667
37669
37670
37671
37672
37673
37674
37675
37676
37678
37680
37681
37682
37683
37684
37685
37686
37687
37688
37689
37690
37692
37693
37694
37695
37696
37697
37698
37699
37700
37701
37702
37703
37704
37706
37708
37709
37710
37815
37817
37836
37842
37844
37845
37846
37847
37848
37849
37850
37851
37853
37854
37856
37857
37858
37859
37860
37861
37862
37863
37865
37867
37868
37869
37870
37871
37872
37873
37874
37875
37876
37877
37878
37985
38015
38016
38018
38019
38020
38021
38022
38023
38024
38025
38026
38027
38028
38029
38030
38031
38032
38033
38034
38035
38036
38037
38038
38040
38042
38043
38044
38045
38046
38047
38048
38155
38157
38182
38184
38185
38186
38187
38188
38189
38190
38191
38192
38193
38194
38195
38196
38197
38198
38199
38200
38201
38202
38203
38205
38206
38207
38208
38210
38211
38212
38213
38215
38216
38217
38218
38325
38327
38355
38357
38359
38360
38361
38362
38363
38364
38365
38366
38367
38368
38369
38370
38371
38372
38373
38374
38375
38376
38377
38378
38379
38380
38381
38382
38384
38386
38495
38497
38515
38519
38521
38530
38532
38534
38535
38536
38537
38538
38539
38540
38541
38542
38543
38544
38545
38546
38547
38548
38549
38550
38551
38552
38553
38554
38555
38557
38559
38562
38566
38568
38673
38675
38693
38697
38698
38699
38702
38703
38704
38713
38715
38717
38718
38719
38720
38722
38723
38724
38725
38726
38727
38728
38729
38730
38731
38732
38733
38734
38735
38736
38737
38738
38739
38740
38742
38745
38748
38749
38751
38753
38756
38861
38863
38881
38883
38885
38886
38887
38890
38891
38892
38895
38896
38897
38901
38903
38904
38905
38906
38912
38913
38914
38915
38917
38918
38920
38921
38922
38923
38925
38926
38927
38928
38929
38930
38931
38932
38934
38935
38937
38938
38941
38944
38953
38955
38958
38959
38962
38964
38966
39068
39087
39091
39093
39094
39097
39098
39101
39108
39122
39132
39136
39137
39158
39161
39164
39167
39169
39171
39173
39175
39176
39313
39318
39321
39324
39326
39327
39328
39329
39330
39332
39333
39334
39335
39336
39337
39339
39340
39341
39342
39343
39344
39345
39346
39347
39349
39350
39351
39352
39356
39365
39434
39440
39447
39449
39450
39457
39461
39465
39470
39479
39487
39552
39553
39554
39561
39562
39563
39564
39565
39566
39567
39568
39570
39571
39572
39573
39574
39575
39576
39579
39580
39581
39582
39584
39588
39589
39590
39592
39928
39933
39936
39940
39941
39942
39943
39944
39945
39948
39949
39950
39951
39952
39953
39954
39956
39957
39958
39959
39960
39961
39962
39963
39964
39965
39966
39967
39970
39971
39972
39973
39974
39975
39976
39977
39979
39980
39981
39982
40010
40017
40018
40019
40026
40027
40028
40029
40030
40031
40034
40036
40037
40038
40039
40042
40043
40044
40045
40046
40047
40048
40049
40050
40051
40052
40053
40054
40055
40056
40057
40058
40059
40061
40062
40063
40065
40067
40068
40069
40070
40071
40072
40073
40074
40075
40076
40077
40078
40079
40080
40081
40082
40083
40085
40086
40087
40088
40089
40091
40093
40095
40096
40099
40100
40102
40104
40109
40112
40118
40125
40127
40130
40132
40135
40141
40149
40151
40152
40153
40154
40155
40156
40157
40158
40159
40160
40161
40162
40163
40164
40165
40166
40167
40168
40169
40170
40171
40172
40173
40174
40175
40177
40178
40179
40180
40182
40183
40184
40188
40189
40192
40193
40531
40536
40539
40541
40542
40544
40545
40546
40547
40548
40550
40551
40552
40554
40555
40557
40558
40559
40560
40561
40562
40563
40564
40565
40566
40567
40568
40569
40570
40571
40572
40573
40574
40575
40576
40577
40578
40579
40580
40582
40584
40585
40589
40592
40594
40597
40598
40600
40601
40603
40604
40605
40607
40610
40611
40612
40613
40615
40618
40619
40620
40621
40622
40623
40627
40628
40629
40630
40631
40632
40633
40634
40635
40636
40637
40638
40639
40640
40641
40642
40643
40644
40645
40646
40647
40648
40650
40651
40653
40654
40655
40656
40657
40658
40659
40662
40663
40664
40665
40666
40668
40669
40670
40671
40673
40674
40675
40678
40679
40681
40682
40683
40684
40686
40687
40688
40691
40693
40694
40695
40696
40697
40698
40699
40700
40701
40702
40704
40705
40706
40707
40708
40709
40710
40712
40713
40714
40715
40716
40717
40718
40719
40720
40721
40722
40723
40724
40725
40726
40730
40734
40735
40739
41077
41082
41085
41092
41094
41097
41098
41100
41103
41105
41106
41107
41108
41109
41110
41115
41116
41117
41118
41120
41121
41122
41123
41124
41125
41126
41127
41128
41129
41130
41131
41132
41133
41134
41135
41136
41138
41139
41140
41141
41142
41143
41144
41146
41147
41148
41149
41150
41151
41152
41153
41155
41156
41157
41158
41160
41161
41162
41163
41164
41165
41166
41167
41168
41169
41170
41171
41172
41173
41174
41175
41176
41177
41178
41179
41180
41181
41182
41185
41186
41187
41191
41193
41194
41195
41198
41199
41200
41201
41202
41203
41204
41205
41206
41207
41208
41209
41211
41212
41213
41214
41215
41216
41217
41218
41219
41220
41221
41222
41224
41225
41226
41227
41228
41229
41231
41232
41233
41235
41237
41238
41240
41241
41598
41610
41618
41619
41621
41622
41623
41624
41625
41626
41627
41628
41629
41631
41632
41633
41634
41635
41636
41637
41639
41640
41641
41642
41643
41644
41645
41647
41648
41649
41650
41651
41652
41653
41654
41656
41657
41658
41659
41660
41661
41662
41663
41664
41665
41666
41667
41668
41669
41670
41671
41672
41673
41674
41675
41676
41677
41678
41679
41680
41681
41682
41683
41684
41686
41687
41688
41691
41692
41693
41694
41696
41698
41700
41701
41704
41705
41706
41707
41708
41709
41710
41711
41712
41713
41714
41715
41716
41718
41719
41720
41721
41722
41723
41724
41727
41728
41729
41731
41732
42110
42111
42112
42114
42117
42119
42120
42121
42125
42126
42127
42128
42129
42130
42131
42133
42134
42135
42136
42137
42139
42140
42141
42142
42143
42144
42145
42147
42148
42149
42150
42151
42152
42153
42155
42156
42157
42158
42159
42160
42161
42162
42163
42164
42165
42166
42167
42168
42169
42170
42171
42172
42173
42174
42175
42176
42177
42178
42179
42180
42181
42182
42183
42184
42185
42186
42187
42189
42190
42191
42192
42193
42198
42199
42200
42201
42203
42205
42207
42208
42211
42214
42215
42219
42220
42223
42602
42603
42606
42607
42609
42611
42612
42615
42617
42618
42619
42621
42622
42623
42624
42625
42626
42627
42628
42629
42630
42631
42632
42633
42634
42635
42636
42637
42638
42639
42640
42641
42642
42643
42644
42645
42646
42647
42648
42649
42650
42651
42652
42653
42654
42655
42656
42657
42658
42659
42660
42661
42662
42663
42664
42665
42666
42667
42668
42669
42670
42671
42672
42673
42674
42675
42676
42677
42678
42679
42680
42681
42682
42683
42684
42685
42686
42687
42688
42690
42691
42692
42694
42695
42696
42697
42698
42699
42700
42701
42702
42703
42705
42706
42707
42711
42712
42715
42716
43082
43091
43109
43113
43114
43116
43118
43119
43122
43124
43125
43126
43128
43129
43130
43131
43132
43133
43134
43135
43136
43137
43138
43139
43140
43141
43142
43143
43144
43145
43146
43147
43148
43149
43150
43151
43152
43153
43154
43155
43156
43157
43158
43159
43160
43161
43162
43163
43164
43165
43167
43168
43169
43171
43172
43173
43174
43175
43176
43177
43178
43179
43180
43182
43184
43186
43188
43189
43190
43193
43194
43196
43197
43200
43203
43205
43208
43574
43579
43581
43583
43588
43590
43592
43597
43598
43600
43613
43616
43620
43621
43623
43625
43626
43629
43631
43632
43635
43636
43637
43638
43639
43640
43641
43643
43644
43645
43646
43647
43648
43649
43650
43651
43652
43653
43654
43655
43656
43657
43658
43659
43660
43661
43662
43663
43664
43665
43666
43667
43668
43669
43670
43671
43672
43674
43676
43678
43679
43680
43681
43682
43683
43685
43686
43687
43689
43691
43693
43695
43696
43697
43700
43701
43703
43707
43709
43710
43712
43715
43720
43724
43729
44094
44095
44096
44097
44098
44099
44101
44102
44103
44104
44105
44106
44107
44109
44111
44112
44115
44116
44117
44118
44119
44120
44123
44125
44127
44128
44129
44132
44134
44135
44137
44150
44153
44154
44155
44156
44157
44158
44160
44162
44163
44164
44165
44166
44168
44169
44170
44171
44174
44175
44177
44178
44179
44182
44183
44184
44185
44187
44188
44189
44190
44191
44192
44194
44195
44196
44197
44198
44203
44204
44205
44206
44207
44211
44212
44214
44215
44216
44217
44218
44220
44221
44222
44223
44226
44227
44228
44229
44231
44232
44233
44236
44239
44240
44244
44246
44247
44249
44257
44261
44263
44266
44271
44272
44273
44275
44278
44281
44287
44288
44296
44646
44647
44648
44650
44651
44652
44653
44654
44655
44656
44657
44658
44659
44663
44664
44665
44666
44667
44668
44670
44673
44674
44676
44678
44679
44682
44683
44684
44685
44686
44687
44695
44703
44708
44712
44713
44721
44730
44735
44739
44740
44742
44743
44744
44748
44750
44751
44752
44753
44754
44755
44756
44757
44758
44759
44760
44761
44762
44763
44765
44766
44767
44768
44769
44771
44772
44773
44774
44776
44779
44780
44781
44782
44783
44784
44785
44787
44788
44789
44790
44791
44792
44793
44795
44796
44797
44798
44799
44800
44801
44802
44803
44804
44806
44808
44809
44810
44811
44813
44817
44818
44819
44820
44840
44841
44844
44845
44847
44849
44853
44871
44872
44873
44875
44878
44881
44885
44886
44888
44889
44890
44892
44894
44902
44904
44906
44907
44911
44914
45244
45252
45255
45257
45259
45260
45264
45265
45266
45268
45269
45271
45272
45273
45274
45278
45281
45282
45288
45296
45348
45416
45431
45432
45435
45436
45437
45439
45445
45447
45449
45453
45456
45458
45462
45707
45872
46037
46038
46039
46040
46041
46042
46043
46044
46045
46046
46047
46048
49721
49723
49727
49729
50061
50063
50069
50071
50073
50075
50077
50079
50081
50083
50085
50087
50089
50091
52217
52219
52221
52223
52559
52561
52563
52565
52567
52569
52571
52573
52575
52577
52579
52581
52583
52585
54569
54570
54571
54572
54573
54575
54576
54577
54578
54579
54587
54588
54589
54590
54591
54592
54601
54602
54603
54604
54607
54608
54609
54610
54625
54626
54627
54628
54631
54632
54633
54634
54653
54654
54655
54656
54657
54658
54659
54660
54661
54662
54663
54664
54665
54666
54667
54668
54669
54670
54671
54672
54673
54674
54675
54676
54683
54684
54685
54686
54688
54689
54690
54691
54692
54693
54694
54695
54696
54697
54698
54699
54700
54707
54708
54709
54710
54711
54713
54714
54715
54716
54717
54719
54720
54721
54722
54723
54724
54725
54726
54727
54728
54729
54730
54731
54732
54733
54734
54735
54736
54743
54744
54745
54746
54747
54748
54755
54756
54757
54758
54759
54761
54762
54763
54764
54765
54767
54768
54769
54770
54771
54772
54773
54774
54775
54776
54777
54778
54779
54780
54781
54782
54784
54791
54792
54793
54794
54795
54796
54797
54798
54799
54800
54801
54803
54804
54805
54806
54807
54815
54816
54817
54818
54819
54820
54827
54828
54829
54830
54831
54832
54833
54834
54835
54836
54837
54838
54839
54840
54841
54842
54843
54844
54845
54846
54847
54848
54849
54850
54857
54858
54859
54860
54861
54862
54863
54864
54865
54866
54867
54868
54869
54870
54871
54872
54873
54874
54875
54876
54877
54878
54879
54880
54881
54882
54883
54884
54885
54886
54887
54888
54889
54890
54891
54892
54893
54894
54895
54896
54897
54898
54899
54900
54901
54902
54903
54904
54905
54906
54907
54908
54909
54910
54911
54912
54913
54914
54915
54916
54917
54918
54919
54920
54921
54922
54923
54924
54925
54926
54927
54928
54929
54930
54931
54932
54933
54935
54936
54937
54938
54939
54940
54942
54943
54944
54945
54946
54947
54948
54949
54950
54951
54952
54953
54954
54955
54956
54957
54959
54960
54961
54962
54963
54965
54966
54967
54968
54969
54970
54971
54972
54973
54974
54975
54976
54977
54978
54979
54980
54981
54982
54983
54984
54985
54986
54987
54988
55007
55008
55009
55010
55013
55014
55015
55016
55017
55018
55019
55020
55021
55022
55023
55024
55025
55026
55027
55028
55029
55030
55031
55032
55033
55034
55035
55036
55055
55056
55057
55073
55074
55075
55076
55077
55078
55079
55080
55081
55082
55083
55084
55109
55110
55111
55112
55113
55114
55115
55116
55117
55118
55119
55120
55121
55122
55123
55124
55125
55126
55127
55128
55129
55130
55131
55132
55145
55146
55147
55148
55149
55150
55151
55152
55153
55154
55155
55156
55175
55176
55177
55178
55179
55180
55181
55182
55183
55184
55185
55186
55187
55188
55189
55190
55191
55192
55193
55194
55195
55196
55197
55199
55200
55201
55202
55205
55206
55207
55208
55209
55210
55211
55212
55213
55214
55215
55216
55217
55218
55219
55220
55221
55222
55223
55224
55225
55226
55227
55228
55247
55248
55249
55250
55251
55252
55253
55254
55255
55256
55257
55259
55260
55261
55262
55265
55266
55267
55268
55269
55270
55271
55272
55273
55274
55275
55276
55277
55278
55279
55280
55281
55282
55289
55290
55291
55292
55293
55294
55295
55296
55299
55300
55301
55302
55304
55305
55306
55307
55308
55309
55310
55311
55312
55313
55314
55315
55316
55317
55318
55319
55322
55323
55324
55325
55326
55327
55328
55329
55330
55331
55332
55333
55334
55335
55336
55337
55338
55339
55340
55341
55342
55343
55344
55345
55346
55347
55348
55349
55350
55352
55353
55354
55355
55356
55359
55360
55361
55362
55363
55364
55365
55366
55367
55368
55369
55370
55371
55372
55373
55376
55377
55378
55379
55380
55381
55382
55383
55384
55385
55386
55387
55388
55389
55390
55391
55392
55393
55394
55395
55396
55397
55398
55399
55400
55401
55402
55403
55404
55405
55406
55407
55408
55409
55410
55411
55412
55413
55414
55415
55416
55417
55418
55419
55420
55433
55434
55435
55436
55437
55438
55439
55440
55441
55442
55443
55444
55445
55446
55447
55448
55449
55450
55451
55452
55453
55454
55455
55456
55457
55458
55459
55460
55461
55462
55463
55464
55465
55466
55467
55468
55469
55470
55471
55472
55473
55474
55481
55482
55483
55484
55485
55486
55487
55488
55489
55490
55491
55492
55493
55494
55495
55496
55497
55498
55499
55500
55501
55502
55503
55504
55505
55506
55507
55508
55509
55510
55511
55512
55513
55514
55515
55516
55517
55518
55519
55520
55521
55522
55523
55524
55525
55526
55527
55528
55529
55530
55531
55532
55533
55534
55547
55548
55549
55550
55551
55552
55553
55554
55555
55556
55557
55558
55559
55560
55561
55562
55563
55564
55565
55566
55567
55568
55569
55570
55571
55572
55573
55574
55575
55576
55577
55578
55579
55580
55581
55582
55583
55584
55585
55586
55587
55588
55589
55590
55591
55592
55593
55594
55595
55596
55597
55598
55599
55600
55601
55602
55603
55604
55605
55606
55607
55608
55609
55610
55611
55613
55614
55615
55616
55617
55619
55620
55621
55622
55623
55624
55625
55626
55627
55628
55629
55630
55631
55632
55633
55634
55635
55636
55637
55638
55639
55640
55641
55643
55644
55645
55646
55647
55648
55649
55650
55651
55652
55653
55654
55655
55656
55657
55659
55660
55661
55662
55663
55664
55665
55666
55667
55668
55669
55670
55671
55672
55673
55674
55675
55676
55677
55678
55679
55680
55681
55682
55683
55684
55685
55686
55687
55688
55689
55690
55691
55692
55695
55696
55697
55698
55699
55700
55701
55702
55703
55704
55705
55706
55707
55709
55710
55711
55712
55713
55715
55716
55717
55718
55719
55720
55721
55722
55723
55724
55725
55726
55727
55728
55729
55730
55731
55733
55734
55735
55736
55737
55738
55739
55740
55741
55742
55743
55744
55745
55746
55747
55748
55749
55750
55751
55752
55753
55754
55755
55756
55757
55758
55759
55760
55761
55762
55781
55782
55783
55784
55787
55788
55789
55790
55791
55792
55793
55794
55795
55796
55797
55798
55817
55818
55819
55835
55836
55837
55838
55839
55840
55841
55842
55843
55844
55845
55846
55859
55860
55861
55862
55863
55864
55865
55866
55867
55868
55869
55870
55871
55872
55873
55874
55875
55876
55877
55878
55879
55880
55881
55882
55889
55890
55891
55894
55895
55896
55897
55898
55899
55900
55919
55920
55921
55922
55923
55924
55931
55932
55933
55934
55935
55936
55943
55944
55945
55946
55947
55948
55949
55950
55951
55952
55953
55954
55955
55956
55957
55958
55959
55960
55967
55968
55969
55973
55974
55975
55976
55977
55978
55979
55980
55981
55982
55983
55984
55997
55998
55999
56000
56001
56002
56003
56004
56005
56006
56007
56008
56015
56016
56017
56018
56019
56020
56021
56022
56023
56024
56025
56026
56027
56028
56029
56032
56033
56034
56035
56036
56037
56038
56057
56058
56059
56060
56061
56062
56069
56070
56071
56072
56073
56074
56081
56082
56083
56084
56085
56086
56087
56088
56089
56090
56091
56092
56093
56094
56095
56096
56097
56098
56099
56100
56101
56102
56103
56104
56105
56106
56107
56108
56109
56110
56117
56118
56119
56123
56124
56125
56126
56127
56128
56129
56130
56131
56132
56133
56134
56159
56160
56161
56162
56163
56164
56165
56166
56167
56168
56169
56170
56177
56178
56179
56180
56183
56184
56185
56186
56187
56188
56189
56190
56191
56192
56193
56194
56201
56202
56203
56204
56205
56206
56207
56208
56209
56210
56211
56212
56213
56214
56215
56216
56217
56218
56219
56220
56221
56222
56223
56224
56231
56232
56233
56234
56235
56236
56237
56238
56239
56240
56241
56242
56249
56250
56251
56254
56255
56256
56257
56258
56259
56260
56261
56262
56263
56264
56265
56266
56273
56274
56275
56276
56279
56280
56281
56282
56283
56284
56285
56286
56287
56288
56289
56290
56297
56298
56299
56300
56301
56302
56303
56304
56305
56306
56307
56308
56315
56316
56317
56318
56319
56320
56321
56322
56323
56324
56325
56326
56327
56328
56329
56330
56331
56332
56333
56334
56335
56336
56337
56338
56345
56346
56347
56350
56351
56352
56353
56354
56355
56356
56357
56358
56359
56360
56361
56362
56363
56364
56365
56366
56367
56369
56370
56371
56372
56373
56375
56376
56377
56378
56379
56380
56381
56382
56383
56384
56385
56386
56387
56388
56389
56390
56391
56393
56394
56395
56396
56397
56398
56399
56400
56401
56402
56403
56404
56405
56406
56407
56408
56409
56410
56411
56412
56413
56414
56415
56416
56417
56418
56419
56420
56421
56422
56423
56424
56427
56428
56429
56430
56431
56432
56433
56434
56435
56436
56437
56438
56439
56440
56441
56442
56443
56444
56445
56446
56447
56448
56449
56450
56451
56452
56453
56454
56455
56456
56457
56458
56459
56460
56463
56464
56465
56466
56467
56468
56469
56470
56471
56472
56473
56474
56475
56476
56477
56478
56479
56480
56481
56482
56483
56484
56485
56486
56487
56488
56489
56490
56491
56492
56493
56494
56507
56508
56509
56510
56511
56512
56513
56514
56515
56516
56517
56518
56519
56520
56521
56522
56523
56524
56525
56526
56527
56528
56529
56530
56531
56532
56533
56534
56535
56536
56537
56538
56539
56540
56541
56542
56543
56544
56545
56546
56547
56548
56549
56550
56551
56552
56553
56554
56555
56556
56557
56558
56559
56560
56561
56562
56563
56564
56565
56566
56567
56568
56569
56570
56571
56572
56579
56580
56581
56582
56583
56584
56585
56586
56587
56588
56589
56590
56591
56592
56593
56594
56595
56596
56597
56598
56599
56600
56601
56602
56603
56604
56605
56606
56607
56608
56615
56616
56617
56618
56619
56620
56621
56622
56623
56624
56625
56626
56627
56628
56629
56630
56631
56632
56633
56634
56635
56636
56637
56638
56645
56646
56647
56648
56649
56650
56657
56658
56659
56660
56661
56662
56663
56664
56665
56666
56667
56668
56669
56670
56671
56672
56673
56674
56675
56676
56677
56678
56679
56680
56681
56682
56683
56684
56685
56686
56687
56688
56689
56690
56691
56692
56693
56694
56695
56696
56697
56698
56699
56700
56701
56702
56703
56704
56705
56706
56707
56708
56709
56710
56711
56712
56713
56714
56715
56716
56717
56718
56719
56720
56721
56722
56723
56724
56725
56726
56727
56728
56735
56736
56737
56738
56739
56741
56742
56753
56754
56755
56756
56757
56758
56759
56760
56761
56762
56763
56764
56765
56766
56767
56768
56769
56770
56771
56772
56773
56774
56775
56776
56777
56778
56779
56780
56781
56782
56783
56784
56785
56786
56787
56788
56789
56790
56791
56792
56794
56801
56802
56803
56804
56805
56806
56807
56808
56809
56810
56811
56812
56813
56814
56815
56816
56817
56818
56819
56820
56821
56822
56823
56825
56826
56827
56829
56830
56831
56832
56833
56834
56835
56836
56843
56844
56845
56846
56847
56849
56850
56851
56852
56853
56855
56856
56857
56858
56859
56873
56874
56875
56876
56877
56878
56879
56880
56881
56882
56883
56884
56903
56904
56905
56906
56907
56908
56909
56910
56911
56912
56913
56914
56927
56928
56929
56930
56931
56932
56933
56934
56935
56936
56937
56938
56939
56940
56941
56942
56943
56944
56945
56946
56947
56948
56949
56950
56951
56952
56953
56954
56955
56956
56957
56958
56959
56960
56961
56962
56963
56964
56965
56966
56967
56968
56969
56970
56971
56972
56973
56974
56981
56982
56983
56984
56986
56987
56988
56989
56990
56991
56992
56993
56994
56995
56996
56997
57005
57006
57007
57008
57009
57011
57012
57013
57014
57015
57017
57018
57019
57020
57021
57023
57024
57025
57026
57027
57028
57035
57036
57037
57038
57039
57041
57042
57043
57044
57045
57046
57053
57054
57055
57056
57057
57058
57059
57060
57061
57063
57064
57065
57066
57067
57068
57069
57070
57083
57089
57090
57091
57092
57093
57094
57107
57108
57113
57114
57115
57116
57117
57119
57120
57121
57122
57123
57124
57131
57132
57133
57134
57135
57136
57137
57149
57150
57151
57152
57153
57155
57156
57157
57158
57159
57167
57168
57169
57170
57173
57174
57175
57176
57177
57179
57180
57181
57182
57183
57184
57191
57192
57193
57194
57195
57196
57197
57198
57199
57200
57201
57203
57204
57205
57206
57207
57208
57209
57210
57211
57212
57213
57214
57221
57222
57225
57226
57227
57228
57229
57230
57231
57232
57233
57234
57235
57236
57237
57238
57239
57240
57241
57242
57243
57244
57245
57246
57247
57248
57249
57250
57251
57252
57253
57254
57255
57256
57257
57258
57259
57260
57261
57262
57263
57264
57265
57266
57267
57268
57269
57270
57271
57272
57273
57274
57275
57276
57277
57279
57280
57281
57282
57283
57284
57285
57286
57287
57289
57290
57291
57292
57293
57294
57295
57296
57297
57298
57299
57300
57301
57302
57304
57305
57306
57307
57308
57310
57311
57312
57313
57314
57315
57316
57317
57318
57321
57322
57323
57324
57325
57326
57327
57329
57330
57331
57332
57333
57334
57335
57336
57337
57338
57339
57340
57341
57342
57343
57344
57345
57347
57348
57349
57350
57351
57353
57354
57355
57356
57357
57359
57360
57361
57362
57363
57364
57365
57366
57369
57370
57371
57372
57373
57374
57375
57377
57378
57379
57380
57381
57383
57384
57385
57386
57387
57388
57389
57390
57391
57392
57393
57394
57395
57396
57397
57398
57400
57407
57408
57409
57410
57411
57412
57413
57414
57415
57416
57417
57418
57419
57420
57421
57422
57423
57431
57432
57433
57434
57435
57436
57437
57438
57439
57440
57441
57443
57444
57445
57446
57447
57449
57450
57451
57452
57453
57454
57461
57462
57463
57464
57465
57473
57474
57485
57486
57487
57488
57489
57490
57491
57503
57504
57505
57506
57507
57508
57515
57516
57517
57518
57519
57520
57521
57522
57523
57524
57525
57526
57527
57528
57529
57530
57531
57533
57534
57551
57552
57553
57554
57555
57556
57557
57558
57559
57560
57561
57563
57564
57565
57566
57567
57575
57581
57582
57583
57584
57585
57593
57594
57595
57596
57597
57605
57606
57607
57608
57610
57611
57612
57613
57614
57615
57616
57617
57618
57619
57620
57621
57622
57623
57624
57625
57626
57627
57628
57635
57636
57637
57638
57639
57641
57642
57643
57644
57645
57646
57647
57648
57649
57650
57651
57652
57665
57666
57667
57668
57669
57670
57671
57672
57673
57674
57675
57676
57677
57678
57679
57680
57681
57682
57683
57684
57685
57687
57688
57689
57690
57691
57692
57693
57694
57695
57696
57697
57698
57699
57700
57701
57702
57703
57704
57705
57706
57707
57708
57709
57710
57711
57712
57713
57714
57715
57716
57717
57718
57719
57720
57721
57722
57723
57724
57725
57726
57727
57728
57729
57730
57731
57732
57733
57734
57735
57736
57737
57738
57739
57740
57741
57742
57743
57744
57745
57746
57747
57749
57750
57751
57752
57753
57754
57755
57756
57757
57758
57759
57760
57761
57763
57764
57765
57766
57767
57768
57769
57771
57772
57773
57774
57775
57776
57777
57779
57780
57781
57782
57783
57784
57785
57786
57787
57788
57789
57790
57791
57792
57793
57794
57795
57796
57797
57798
57799
57800
57801
57802
57803
57804
57805
57806
57807
57808
57815
57816
57817
57818
57821
57822
57823
57824
57825
57826
57833
57834
57835
57836
57837
57838
57839
57840
57841
57842
57843
57844
57851
57852
57853
57854
57855
57856
57863
57864
57865
57866
57867
57868
57881
57882
57883
57884
57885
57886
57887
57888
57889
57891
57892
57893
57894
57895
57896
57897
57899
57900
57901
57902
57903
57905
57906
57907
57908
57909
57910
57911
57912
57913
57914
57915
57916
57917
57918
57919
57920
57921
57922
57923
57924
57925
57926
57927
57928
57929
57930
57931
57932
57933
57934
57941
57942
57943
57944
57945
57946
57947
57948
57949
57950
57951
57952
57965
57966
57967
57968
57969
57970
57977
57978
57979
57980
57981
57982
57989
57990
57991
57993
57994
57995
57996
57997
57998
57999
58001
58002
58003
58004
58005
58006
58013
58014
58015
58016
58017
58019
58020
58021
58022
58023
58024
58025
58026
58027
58028
58029
58030
58031
58034
58035
58036
58037
58038
58039
58040
58041
58042
58043
58044
58045
58046
58047
58048
58049
58050
58051
58052
58053
58054
58055
58058
58059
58060
58061
58062
58063
58064
58065
58066
58067
58068
58069
58070
58071
58072
58073
58074
58075
58076
58077
58078
58079
58080
58081
58082
58083
58084
58085
58086
58087
58088
58089
58090
58091
58092
58093
58094
58095
58096
58097
58098
58099
58100
58101
58103
58104
58105
58106
58107
58108
58109
58110
58111
58112
58113
58114
58115
58116
58117
58118
58119
58120
58138
58145
58146
58147
58148
58149
58150
58151
58152
58153
58154
58155
58156
58157
58158
58159
58160
58161
58162
58163
58164
58165
58166
58167
58168
58169
58170
58171
58172
58173
58175
58176
58177
58179
58180
58187
58188
58189
58190
58191
58192
58193
58194
58195
58196
58197
58198
58199
58200
58201
58202
58203
58204
58210
58216
58217
58218
58219
58220
58221
58222
58229
58230
58231
58232
58233
58234
58235
58236
58237
58238
58239
58240
58241
58242
58243
58244
58245
58246
58247
58248
58249
58250
58251
58252
58271
58272
58273
58274
58275
58276
58277
58278
58279
58280
58281
58282
58283
58284
58285
58286
58287
58288
58289
58290
58291
58293
58294
58295
58296
58297
58298
58299
58300
58307
58308
58309
58310
58311
58312
58313
58314
58315
58316
58317
58325
58326
58327
58328
58329
58330
58331
58332
58333
58334
58335
58336
58343
58344
58345
58346
58347
58348
58349
58350
58351
58352
58353
58354
58355
58356
58357
58358
58359
58360
58361
58362
58363
58364
58365
58366
58367
58368
58369
58370
58371
58372
58379
58380
58381
58382
58383
58384
58385
58386
58387
58388
58389
58390
58391
58392
58393
58394
58395
58396
58397
58398
58399
58400
58401
58402
58403
58404
58405
58407
58408
58409
58410
58411
58412
58413
58414
58415
58416
58417
58418
58419
58420
58421
58422
58423
58424
58425
58426
58427
58428
58429
58430
58431
58432
58433
58434
58435
58436
58437
58438
58439
58440
58441
58442
58443
58444
58445
58446
58447
58448
58449
58450
58451
58452
58453
58454
58455
58457
58458
58459
58460
58461
58463
58464
58465
58466
58467
58468
58469
58470
58471
58472
58473
58474
58475
58476
58477
58478
58479
58481
58482
58483
58484
58485
58486
58487
58488
58489
58490
58491
58492
58493
58494
58495
58496
58497
58498
58499
58500
58501
58502
58503
58504
58505
58506
58507
58508
58509
58510
58511
58512
58513
58514
58515
58516
58517
58518
58519
58520
58521
58522
58523
58525
58526
58527
58528
58529
58530
58531
58533
58534
58535
58536
58537
58538
58539
58540
58541
58542
58543
58544
58545
58547
58548
58549
58550
58551
58553
58554
58555
58556
58557
58558
58559
58560
58561
58562
58563
58564
58565
58566
58567
58568
58569
58571
58572
58573
58574
58575
58576
58577
58578
58579
58580
58581
58582
58583
58584
58585
58586
58587
58588
58589
58590
58591
58592
58601
58602
58603
58604
58605
58606
58607
58608
58609
58610
58611
58612
58613
58614
58615
58616
58617
58618
58619
58620
58621
58622
58623
58637
58638
58639
58640
58641
58642
58643
58644
58645
58646
58647
58648
58649
58650
58651
58652
58653
58654
58661
58662
58663
58664
58665
58666
58679
58680
58681
58682
58683
58684
58685
58686
58687
58688
58689
58690
58691
58692
58693
58694
58695
58696
58697
58698
58699
58700
58701
58702
58709
58710
58711
58712
58713
58714
58715
58716
58717
58718
58719
58720
58721
58722
58723
58724
58725
58726
58739
58740
58741
58742
58743
58744
58745
58746
58747
58748
58749
58750
58751
58752
58753
58754
58755
58756
58757
58758
58759
58760
58761
58762
58763
58764
58765
58766
58767
58768
58781
58782
58783
58784
58785
58786
58787
58788
58789
58790
58791
58792
58793
58794
58795
58796
58797
58798
58799
58800
58801
58802
58803
58804
58811
58812
58813
58814
58815
58816
58817
58818
58819
58820
58821
58822
58829
58830
58831
58832
58833
58834
58835
58836
58837
58838
58839
58840
58847
58848
58849
58850
58851
58852
58853
58854
58855
58856
58857
58858
58859
58860
58861
58862
58863
58864
58871
58872
58873
58874
58875
58876
58889
58890
58891
58892
58893
58894
58895
58896
58897
58898
58899
58900
58901
58902
58903
58904
58907
58908
58909
58910
58911
58912
58913
58914
58915
58916
58917
58918
58919
58920
58921
58922
58923
58925
58926
58927
58928
58929
58930
58937
58938
58939
58940
58941
58942
58943
58944
58945
58946
58947
58948
58949
58950
58951
58952
58953
58954
58955
58956
58957
58958
58959
58960
58961
58962
58963
58964
58965
58966
58973
58974
58975
58976
58977
58978
58979
58980
58981
58982
58983
58984
58985
58986
58987
58988
58989
58990
58991
58992
58993
58994
58995
58996
58997
58998
58999
59000
59001
59002
59003
59004
59005
59006
59007
59008
59021
59022
59023
59024
59025
59026
59027
59028
59029
59030
59031
59032
59033
59034
59035
59036
59039
59040
59041
59042
59043
59044
59051
59052
59053
59054
59055
59056
59057
59058
59059
59060
59061
59062
59063
59064
59065
59066
59067
59068
59069
59070
59071
59072
59073
59074
59081
59082
59083
59084
59085
59086
59087
59088
59089
59090
59091
59092
59093
59094
59095
59096
59097
59098
59099
59100
59101
59102
59103
59104
59111
59112
59113
59115
59116
59117
59118
59119
59120
59121
59122
59123
59124
59125
59126
59127
59129
59130
59131
59132
59133
59135
59136
59137
59138
59139
59140
59141
59142
59143
59144
59145
59146
59147
59148
59149
59150
59151
59152
59153
59154
59155
59156
59157
59158
59159
59160
59161
59164
59165
59166
59167
59168
59171
59172
59173
59174
59175
59176
59177
59178
59180
59181
59182
59183
59184
59186
59187
59188
59189
59190
59191
59192
59193
59194
59195
59196
59197
59198
59199
59200
59201
59202
59203
59204
59205
59206
59207
59208
59209
59210
59211
59212
59213
59214
59215
59216
59217
59218
59219
59220
59221
59222
59223
59225
59226
59227
59228
59229
59230
59231
59232
59233
59234
59235
59236
59237
59238
59239
59240
59241
59243
59244
59245
59246
59247
59249
59250
59251
59252
59253
59255
59256
59257
59258
59261
59262
59263
59264
59265
59266
59267
59268
59269
59270
59271
59272
59273
59274
59275
59276
59277
59278
59279
59280
59281
59282
59283
59284
59285
59286
59287
59288
59289
59290
59291
59292
59293
59294
59295
59296
59297
59298
59299
59300
59301
59302
59303
59304
59305
59306
59307
59308
59309
59310
59311
59312
59313
59314
59315
59316
59317
59318
59319
59320
59321
59322
59323
59324
59325
59326
59327
59328
59329
59330
59331
59333
59334
59335
59336
59337
59338
59339
59340
59341
59342
59343
59344
59345
59346
59347
59348
59349
59350
59351
59352
59353
59354
59355
59356
59357
59358
59359
59360
59361
59362
59363
59364
59365
59366
59367
59368
59369
59370
59371
59372
59373
59374
59375
59376
59377
59378
59379
59380
59381
59382
59383
59384
59385
59386
59393
59394
59395
59396
59397
59398
59399
59400
59401
59402
59403
59405
59406
59407
59408
59409
59410
59411
59412
59413
59415
59416
59417
59418
59419
59420
59421
59422
59423
59424
59425
59426
59427
59428
59429
59430
59431
59432
59433
59434
59435
59436
59437
59438
59439
59440
59453
59454
59455
59456
59457
59458
59459
59460
59461
59463
59464
59465
59466
59467
59468
59469
59470
59477
59478
59479
59480
59481
59482
59483
59484
59485
59486
59487
59488
59489
59490
59491
59492
59493
59494
59495
59496
59497
59498
59499
59500
59501
59502
59503
59504
59505
59506
59507
59508
59509
59510
59511
59512
59525
59526
59527
59528
59529
59530
59531
59532
59533
59534
59535
59536
59537
59538
59539
59540
59541
59542
59543
59544
59545
59546
59547
59555
59556
59557
59558
59559
59560
59561
59562
59563
59564
59565
59566
59567
59568
59569
59570
59571
59572
59573
59574
59575
59576
59577
59578
59585
59586
59587
59588
59589
59590
59591
59592
59593
59594
59595
59596
59597
59598
59599
59600
59601
59602
59603
59604
59605
59606
59607
59608
59609
59610
59611
59612
59613
59614
59615
59616
59617
59618
59619
59620
59621
59622
59623
59624
59625
59627
59628
59629
59630
59631
59632
59633
59634
59635
59636
59637
59638
59639
59640
59641
59642
59643
59644
59645
59646
59647
59648
59649
59650
59651
59652
59653
59654
59655
59656
59657
59658
59659
59660
59661
59662
59663
59664
59665
59666
59667
59668
59669
59670
59671
59672
59673
59674
59675
59676
59677
59678
59679
59680
59681
59682
59683
59684
59685
59686
59687
59688
59689
59690
59691
59692
59693
59694
59695
59696
59697
59698
59699
59700
59701
59703
59704
59705
59706
59707
59708
59709
59710
59713
59714
59715
59716
59719
59720
59721
59722
59725
59726
59727
59728
59731
59732
59733
59734
59741
59742
59743
59744
59745
59746
59747
59748
59749
59750
59751
59752
59759
59760
59761
59762
59763
59764
59765
59766
59767
59768
59769
59770
59777
59778
59779
59780
59781
59782
59783
59784
59785
59786
59789
59790
59791
59792
59793
59795
59796
59797
59798
59799
59800
59801
59802
59803
59804
59805
59806
59807
59808
59809
59812
59813
59814
59815
59816
59817
59818
59825
59826
59827
59828
59829
59830
59831
59832
59833
59834
59835
59836
59837
59838
59839
59840
59841
59842
59843
59844
59845
59846
59847
59848
59849
59850
59851
59852
59853
59854
59861
59862
59863
59864
59865
59866
59873
59874
59875
59876
59877
59878
59885
59886
59887
59888
59889
59890
59897
59898
59899
59900
59901
59902
59903
59904
59905
59906
59907
59908
59909
59910
59911
59912
59913
59914
59915
59916
59917
59918
59919
59920
59927
59928
59929
59930
59931
59932
59933
59934
59935
59936
59937
59938
59945
59946
59947
59948
59949
59950
59951
59952
59953
59954
59955
59956
59957
59958
59959
59960
59961
59963
59964
59965
59966
59967
59968
59969
59971
59972
59973
59974
59975
59976
59977
59978
59979
59980
59981
59982
59983
59984
59985
59986
59987
59988
59989
59990
59991
59993
59994
59995
59996
59997
59999
60000
60001
60002
60003
60004
60005
60006
60007
60008
60009
60017
60018
60019
60020
60021
60022
60029
60030
60031
60032
60035
60036
60037
60038
60039
60041
60042
60043
60044
60045
60046
60047
60048
60049
60050
60051
60052
60059
60060
60061
60062
60063
60064
60065
60066
60068
60069
60070
60071
60072
60075
60076
60077
60080
60081
60082
60083
60084
60085
60086
60087
60088
60089
60090
60093
60094
60095
60096
60098
60099
60100
60101
60104
60105
60106
60107
60108
60119
60120
60121
60122
60123
60124
60125
60126
60127
60128
60129
60130
60137
60138
60139
60140
60141
60143
60144
60145
60146
60147
60148
60149
60150
60151
60152
60153
60154
60155
60156
60157
60159
60160
60161
60162
60163
60164
60165
60166
60173
60174
60175
60176
60179
60180
60181
60182
60183
60184
60185
60186
60187
60188
60189
60190
60191
60192
60193
60195
60196
60197
60198
60199
60200
60201
60202
60209
60210
60211
60212
60221
60227
60228
60229
60230
60231
60232
60233
60234
60239
60240
60241
60242
60243
60244
60245
60251
60252
60253
60254
60255
60256
60257
60258
60259
60260
60261
60262
60263
60264
60267
60268
60269
60270
60271
60272
60273
60274
60281
60282
60283
60284
60293
60294
60295
60296
60297
60298
60299
60300
60301
60302
60303
60304
60306
60307
60308
60309
60310
60317
60318
60319
60320
60321
60322
60323
60324
60325
60326
60327
60328
60335
60336
60337
60338
60339
60340
60341
60342
60343
60344
60345
60346
60359
60360
60361
60362
60363
60364
60365
60366
60367
60368
60369
60370
60371
60372
60373
60374
60375
60376
60377
60378
60379
60380
60381
60382
60383
60384
60385
60386
60387
60388
60390
60391
60392
60393
60394
60395
60396
60397
60398
60399
60400
60407
60408
60409
60410
60411
60412
60419
60420
60421
60422
60423
60424
60425
60426
60427
60428
60429
60430
60431
60432
60433
60434
60435
60436
60443
60444
60445
60446
60447
60448
60449
60450
60451
60452
60453
60454
60455
60456
60457
60458
60459
60460
60467
60468
60469
60471
60472
60473
60474
60475
60476
60477
60478
60485
60486
60487
60488
60492
60493
60494
60495
60496
60497
60498
60499
60500
60501
60502
60503
60504
60505
60506
60507
60508
60509
60510
60511
60512
60513
60514
60515
60516
60517
60518
60519
60521
60522
60523
60524
60525
60526
60533
60534
60535
60536
60537
60538
60539
60540
60541
60542
60543
60544
60545
60546
60547
60548
60549
60550
60552
60553
60554
60555
60556
60557
60558
60559
60560
60561
60562
60569
60570
60571
60572
60573
60574
60575
60576
60577
60578
60579
60580
60581
60582
60583
60584
60585
60586
60599
60600
60601
60602
60603
60604
60605
60606
60607
60608
60609
60610
60629
60630
60631
60632
60641
60642
60643
60644
60645
60646
60647
60648
60649
60650
60651
60652
60665
60666
60671
60672
60673
60674
60675
60676
60683
60684
60685
60686
60687
60688
60689
60690
60691
60692
60693
60694
60701
60713
60714
60715
60716
60717
60718
60719
60720
60721
60722
60723
60724
60725
60726
60727
60728
60729
60730
60731
60732
60733
60734
60735
60736
60737
60738
60739
60740
60741
60742
60743
60744
60749
60750
60751
60752
60753
60754
60755
60756
60757
60758
60759
60760
60761
60762
60763
60764
60765
60766
60767
60768
60769
60770
60771
60772
60773
60774
60775
60776
60777
60778
60779
60791
60792
60793
60794
60795
60803
60804
60805
60806
60807
60809
60810
60811
60812
60813
60814
60815
60816
60817
60818
60819
60820
60821
60822
60823
60824
60825
60826
60827
60828
60829
60830
60831
60832
60833
60834
60835
60836
60837
60838
60845
60846
60847
60848
60849
60850
60851
60852
60853
60854
60855
60856
60857
60858
60859
60860
60861
60862
60863
60864
60865
60866
60867
60868
60869
60870
60871
60872
60873
60874
60875
60876
60877
60878
60879
60880
60917
60918
60919
60920
60921
60922
60923
60924
60925
60926
60927
60928
60929
60930
60931
60932
60933
60934
60935
60936
60937
60938
60939
60940
60941
60942
60943
60944
60945
60946
60947
60948
60949
60950
60951
60952
60953
60954
60955
60956
60957
60958
60959
60960
60961
60962
60963
60964
60965
60966
60967
60968
60969
60970
60971
60972
60973
60974
60975
60976
60977
60978
60979
60980
60981
60982
60983
60984
60985
60986
60987
60988
60989
60990
60991
60992
60993
60994
60995
60996
60997
60998
60999
61000
61001
61002
61003
61004
61005
61006
61007
61008
61009
61010
61011
61012
61019
61020
61021
61022
61023
61024
61025
61026
61027
61028
61029
61030
61037
61038
61039
61040
61041
61042
61043
61044
61045
61046
61047
61048
61055
61056
61057
61058
61059
61060
61061
61062
61063
61064
61065
61066
61067
61068
61069
61070
61071
61072
61073
61074
61075
61076
61077
61078
61079
61080
61081
61082
61083
61084
61085
61086
61087
61088
61089
61090
61091
61092
61093
61094
61095
61096
61097
61098
61099
61100
61101
61102
61103
61104
61105
61106
61107
61108
61109
61110
61111
61112
61113
61114
61115
61116
61117
61118
61119
61120
61121
61122
61123
61124
61125
61126
61127
61128
61129
61130
61131
61132
61133
61134
61135
61136
61137
61138
61139
61140
61141
61142
61143
61144
61145
61146
61147
61148
61149
61150
61151
61152
61153
61154
61155
61156
61157
61158
61159
61160
61161
61162
61163
61164
61165
61166
61168
61169
61170
61171
61172
61173
61174
61175
61176
61177
61178
61179
61180
61181
61182
61183
61184
61185
61187
61188
61189
61190
61191
61192
61205
61206
61207
61208
61209
61210
61217
61218
61219
61220
61221
61223
61224
61225
61226
61227
61228
61229
61232
61233
61234
61235
61236
61237
61238
61239
61240
61241
61244
61245
61246
)


// ************************************************************************* //
