/*--------------------------------*- C++ -*----------------------------------*\
| =========                 |                                                 |
| \\      /  F ield         | OpenFOAM: The Open Source CFD Toolbox           |
|  \\    /   O peration     | Version:  2512                                  |
|   \\  /    A nd           | Website:  www.openfoam.com                      |
|    \\/     M anipulation  |                                                 |
\*---------------------------------------------------------------------------*/
FoamFile
{
    version     2.0;
    format      ascii;
    arch        "LSB;label=32;scalar=64";
    class       pointSet;
    location    "constant/polyMesh/sets";
    object      nonAlignedEdges;
}
// * * * * * * * * * * * * * * * * * * * * * * * * * * * * * * * * * * * * * //


15729
(
26
68
69
70
161
165
166
168
172
173
175
180
181
182
203
204
205
296
300
301
302
305
307
308
309
310
312
314
315
316
338
339
340
431
435
436
437
439
440
441
442
443
444
445
446
447
448
450
451
473
474
475
566
570
571
572
573
574
575
576
577
578
579
580
582
604
605
606
697
702
703
704
705
706
707
708
709
710
711
712
735
736
737
835
836
837
838
839
841
842
958
964
965
966
967
968
969
970
971
972
973
996
997
998
1089
1094
1095
1096
1097
1098
1099
1100
1101
1102
1103
1105
1127
1128
1129
1220
1224
1225
1226
1228
1229
1230
1231
1232
1233
1234
1235
1236
1237
1239
1240
1262
1263
1264
1355
1359
1360
1361
1364
1366
1367
1368
1369
1371
1373
1374
1375
1397
1398
1399
1490
1494
1495
1497
1501
1502
1504
1509
1510
1511
1532
1533
1534
1625
1667
1668
1669
1899
1900
1902
1906
1907
1914
1915
1916
2034
2035
2036
2039
2041
2042
2043
2044
2046
2048
2049
2050
2169
2170
2171
2173
2174
2175
2176
2177
2178
2179
2180
2181
2182
2184
2185
2304
2305
2306
2307
2308
2309
2310
2311
2312
2313
2314
2436
2437
2438
2439
2440
2441
2442
2443
2444
2445
2446
2569
2570
2571
2572
2573
2574
2575
2576
2698
2699
2700
2701
2702
2703
2704
2705
2706
2707
2828
2829
2830
2831
2832
2833
2834
2835
2836
2837
2838
2958
2959
2960
2962
2963
2964
2965
2966
2967
2968
2969
2970
2971
2972
2973
2974
3093
3094
3095
3098
3100
3101
3102
3103
3105
3107
3108
3109
3228
3229
3231
3235
3236
3243
3244
3245
3468
3469
3470
3471
3472
3473
3474
3475
3476
3477
3478
3479
3480
3481
3482
3483
3484
3485
3486
3487
3488
3489
3490
3491
3492
3493
3494
3495
3496
3497
3498
3499
3500
3501
3502
3503
3504
3505
3506
3507
3508
3509
3510
3511
3512
3513
3514
3515
3516
3517
3518
3519
3520
3521
3522
3523
3524
3525
3526
3527
3528
3529
3530
3531
3532
3533
3534
3535
3536
3537
3538
3539
3540
3541
3542
3543
3544
3545
3546
3547
3548
3549
3550
3551
3552
3553
3554
3555
3556
3557
3558
3559
3560
3561
3562
3563
3564
3565
3566
3567
3568
3569
3570
3571
3572
3573
3574
3575
3576
3577
3578
3579
3580
3582
3583
3584
3585
3586
3587
3588
3589
3590
3591
3592
3593
3594
3595
3596
3597
3598
3599
3600
3601
3602
3604
3605
3606
3607
3608
3609
3610
3611
3612
3613
3614
3615
3616
3617
3618
3619
3620
3621
3622
3623
3624
3625
3626
3627
3628
3629
3630
3631
3632
3634
3635
3637
3638
3639
3640
3641
3642
3643
3644
3645
3646
3647
3648
3649
3650
3651
3652
3653
3654
3655
3656
3657
3659
3660
3661
3662
3663
3664
3665
3666
3667
3668
3669
3670
3671
3672
3673
3674
3675
3676
3677
3678
3679
3680
3681
3682
3683
3684
3685
3686
3687
3689
3690
3695
3696
3704
3705
3713
3714
3722
3723
3727
3728
3729
3730
3731
3732
3733
3734
3735
3736
3737
3738
3739
3740
3741
3742
3743
3744
3745
3746
3747
3748
3749
3750
3751
3752
3753
3754
3755
3756
3757
3758
3759
3760
3761
3762
3763
3764
3765
3766
3767
3768
3769
3770
3771
3772
3773
3774
3775
3776
3777
3778
3779
3780
3781
3782
3783
3784
3785
3786
3787
3788
3789
3790
3791
3792
3793
3794
3795
3796
3797
3798
3799
3800
3801
3802
3804
3805
3806
3807
3808
3809
3810
3812
3813
3815
3816
3817
3818
3819
3820
3821
3822
3823
3824
3825
3826
3827
3828
3829
3830
3831
3832
3833
3834
3835
3836
3837
3838
3839
3840
3841
3842
3843
3844
3845
3846
3847
3848
3849
3850
3851
3852
3853
3854
3855
3856
3857
3858
3859
3860
3861
3862
3863
3864
3865
3866
3867
3868
3870
3872
3873
3874
3875
3876
3877
3878
3879
3880
3882
3883
3884
3885
3886
3887
3888
3889
3890
3891
3892
3894
3895
3896
3897
3898
3899
3900
3901
3902
3903
3904
3905
3906
3907
3908
3909
3910
3911
3912
3913
3914
3915
3916
3917
3918
3919
3920
3921
3922
3923
3924
3925
3926
3927
3928
3929
3930
3931
3932
3933
3934
3935
3936
3937
3938
3939
3940
3941
3942
3943
3944
3945
3946
3948
3949
3950
3951
3952
3953
3954
3955
3956
3957
3958
3959
3960
3961
3962
3963
3964
3965
3966
3967
3968
3969
3970
3971
3972
3973
3974
3975
3976
3977
3978
3979
3980
3981
3982
3983
3984
3985
3986
3987
3988
3989
3990
3991
3992
3993
3994
3995
3996
3997
3998
3999
4000
4001
4002
4003
4004
4005
4006
4007
4008
4009
4010
4011
4012
4013
4014
4015
4016
4017
4018
4019
4020
4021
4022
4023
4024
4025
4026
4027
4028
4029
4030
4031
4032
4033
4035
4036
4037
4038
4039
4040
4041
4042
4043
4044
4045
4046
4047
4048
4049
4050
4051
4052
4053
4054
4055
4056
4057
4058
4059
4060
4061
4062
4063
4064
4065
4066
4067
4068
4069
4071
4072
4073
4074
4075
4076
4077
4080
4082
4084
4086
4087
4088
4089
4090
4091
4092
4093
4094
4096
4097
4098
4100
4102
4103
4104
4105
4108
4109
4110
4111
4112
4113
4116
4117
4118
4119
4122
4124
4125
4126
4127
4128
4129
4130
4132
4133
4134
4136
4137
4139
4141
4142
4143
4144
4145
4148
4149
4150
4152
4155
4157
4159
4161
4162
4163
4164
4165
4166
4167
4168
4169
4171
4172
4173
4175
4177
4178
4179
4180
4183
4184
4185
4186
4187
4188
4191
4192
4193
4194
4197
4199
4200
4201
4202
4203
4204
4205
4207
4208
4209
4211
4212
4214
4216
4217
4218
4219
4220
4223
4224
4225
4227
4228
4229
4230
4231
4232
4233
4234
4235
4236
4237
4238
4239
4240
4242
4243
4245
4246
4247
4248
4249
4251
4252
4253
4254
4255
4256
4257
4258
4259
4260
4261
4262
4263
4264
4265
4266
4267
4268
4269
4270
4271
4272
4273
4274
4275
4276
4277
4278
4279
4280
4281
4282
4283
4284
4285
4286
4287
4289
4290
4291
4292
4293
4294
4295
4296
4297
4298
4299
4300
4301
4302
4303
4304
4305
4306
4307
4308
4309
4310
4312
4313
4315
4316
4317
4318
4319
4320
4321
4322
4323
4324
4325
4326
4327
4328
4329
4330
4331
4332
4333
4334
4335
4336
4337
4338
4339
4340
4341
4342
4343
4344
4345
4346
4347
4348
4349
4350
4351
4352
4353
4354
4355
4356
4357
4358
4359
4360
4361
4362
4363
4364
4365
4366
4367
4368
4369
4370
4371
4372
4373
4374
4375
4376
4377
4379
4380
4381
4382
4383
4384
4385
4386
4387
4388
4389
4390
4391
4392
4393
4394
4395
4396
4397
4398
4399
4400
4401
4402
4403
4404
4405
4407
4408
4409
4410
4411
4412
4413
4414
4415
4416
4417
4418
4419
4420
4421
4422
4423
4424
4425
4426
4427
4428
4429
4431
4432
4433
4435
4436
4437
4438
4439
4440
4441
4442
4443
4444
4445
4446
4447
4448
4449
4450
4451
4452
4453
4455
4456
4537
4538
4539
4540
4541
4542
4543
4544
4545
4546
4547
4548
4549
4550
4551
4552
4553
4554
4555
4556
4557
4558
4559
4560
4561
4562
4563
4564
4565
4566
4567
4568
4569
4570
4571
4572
4573
4574
4575
4576
4577
4578
4579
4580
4581
4582
4583
4584
4585
4586
4587
4588
4589
4590
4591
4592
4593
4594
4595
4596
4597
4598
4599
4600
4601
4602
4603
4604
4605
4606
4607
4608
4609
4610
4611
4612
4613
4614
4615
4616
4617
4618
4619
4620
4621
4622
4623
4624
4625
4626
4627
4628
4629
4630
4631
4632
4633
4634
4635
4636
4637
4638
4639
4640
4641
4642
4643
4644
4645
4646
4647
4648
4649
4650
4651
4652
4653
4654
4655
4656
4657
4658
4659
4660
4661
4662
4663
4664
4665
4666
4667
4668
4669
4670
4671
4672
4673
4674
4675
4676
4677
4678
4679
4680
4681
4682
4683
4684
4685
4686
4687
4688
4689
4690
4691
4692
4693
4694
4695
4696
4697
4698
4699
4700
4701
4702
4703
4704
4705
4706
4707
4708
4710
4711
4712
4713
4714
4715
4716
4717
4718
4719
4720
4721
4723
4724
4725
4726
4727
4728
4729
4730
4731
4732
4733
4734
4735
4736
4737
4738
4739
4740
4743
4745
4746
4747
4748
4749
4750
4751
4752
4753
4754
4755
4756
4757
4758
4759
4760
4761
4762
4763
4764
4765
4766
4768
4769
4770
4771
4773
4775
4776
4777
4778
4779
4780
4781
4782
4783
4784
4785
4786
4787
4788
4789
4790
4791
4792
4793
4794
4795
4796
4797
4798
4799
4800
4801
4802
4803
4804
4805
4806
4807
4808
4809
4810
4811
4812
4813
4814
4815
4816
4817
4818
4819
4820
4821
4822
4823
4824
4825
4826
4827
4828
4829
4830
4831
4832
4833
4834
4835
4836
4837
4838
4839
4840
4841
4842
4843
4844
4845
4846
4847
4848
4849
4850
4851
4852
4853
4854
4855
4856
4857
4858
4859
4860
4861
4862
4863
4864
4865
4866
4867
4868
4870
4871
4872
4873
4875
4877
4878
4879
4880
4881
4882
4883
4884
4885
4887
4888
4889
4890
4891
4892
4893
4894
4895
4896
4897
4898
4900
4901
4902
4903
4904
4905
4907
4908
4910
4911
4912
4913
4914
4915
4916
4917
4918
4919
4920
4921
4922
4923
4924
4925
4926
4927
4928
4929
4930
4931
4932
4933
4935
4936
4937
4938
4939
4940
4941
4942
4943
4944
4945
4946
4947
4948
4949
4950
4951
4952
4953
4954
4955
4956
4957
4958
4959
4960
4961
4962
4963
4964
4965
4966
4967
4968
4969
4970
4971
4972
4973
4974
4975
4976
4977
4978
4979
4980
4981
4982
4983
4984
4985
4986
4987
4988
4989
4990
4991
4992
4993
4994
4995
4996
4997
4998
4999
5000
5001
5002
5003
5004
5005
5006
5007
5008
5009
5011
5012
5013
5014
5015
5016
5017
5018
5019
5020
5021
5022
5023
5024
5025
5027
5028
5029
5030
5031
5033
5034
5035
5036
5037
5038
5040
5041
5042
5043
5044
5045
5046
5047
5048
5049
5050
5052
5053
5054
5055
5056
5057
5058
5059
5060
5061
5062
5065
5066
5067
5068
5069
5070
5071
5072
5073
5074
5075
5077
5078
5079
5080
5081
5082
5083
5085
5086
5087
5088
5089
5090
5091
5092
5093
5094
5095
5096
5097
5098
5099
5102
5103
5104
5105
5106
5108
5112
5113
5114
5115
5116
5117
5118
5119
5120
5121
5122
5123
5125
5127
5128
5129
5130
5131
5132
5133
5134
5135
5136
5137
5138
5139
5140
5141
5142
5143
5145
5146
5147
5148
5150
5151
5152
5154
5157
5158
5159
5160
5161
5162
5163
5164
5165
5166
5167
5169
5170
5171
5172
5173
5174
5175
5177
5178
5179
5180
5181
5182
5183
5184
5185
5186
5187
5188
5189
5194
5195
5196
5197
5198
5200
5204
5205
5206
5207
5208
5209
5210
5211
5212
5213
5215
5217
5219
5220
5221
5222
5223
5224
5225
5226
5227
5228
5229
5230
5231
5232
5233
5234
5235
5237
5238
5239
5240
5242
5243
5244
5246
5247
5248
5249
5250
5251
5252
5253
5254
5256
5257
5258
5259
5260
5261
5262
5263
5264
5265
5266
5267
5268
5269
5270
5271
5272
5273
5274
5275
5276
5277
5278
5279
5280
5281
5282
5283
5284
5285
5286
5287
5288
5289
5291
5292
5293
5294
5295
5296
5297
5298
5299
5300
5301
5302
5303
5304
5305
5306
5307
5308
5309
5310
5311
5312
5313
5314
5315
5316
5317
5318
5319
5320
5321
5322
5323
5324
5326
5327
5328
5329
5330
5331
5332
5333
5334
5335
5336
5337
5338
5339
5340
5341
5342
5343
5344
5345
5346
5347
5348
5349
5350
5351
5352
5353
5354
5355
5356
5357
5358
5359
5360
5361
5362
5363
5364
5365
5366
5367
5368
5369
5370
5371
5372
5373
5374
5375
5376
5377
5378
5379
5380
5381
5382
5383
5384
5385
5386
5387
5388
5389
5390
5392
5393
5394
5395
5396
5397
5398
5399
5400
5401
5402
5403
5404
5405
5406
5407
5408
5409
5410
5411
5412
5413
5414
5415
5416
5417
5418
5419
5420
5421
5422
5423
5424
5425
5426
5427
5428
5429
5430
5431
5432
5433
5434
5435
5436
5437
5438
5439
5440
5441
5442
5443
5444
5445
5446
5447
5448
5449
5450
5451
5452
5453
5454
5455
5456
5457
5458
5459
5460
5461
5462
5463
5464
5465
5466
5467
5468
5469
5470
5471
5472
5473
5474
5475
5476
5477
5478
5479
5480
5481
5482
5483
5484
5485
5486
5487
5488
5489
5490
5491
5492
5493
5494
5495
5496
5497
5498
5499
5500
5501
5502
5503
5504
5505
5506
5507
5508
5509
5510
5511
5512
5513
5514
5515
5516
5517
5518
5519
5520
5521
5522
5523
5524
5525
5526
5527
5528
5529
5530
5531
5532
5533
5534
5535
5536
5537
5538
5539
5540
5541
5542
5543
5544
5545
5546
5547
5548
5549
5550
5551
5552
5553
5554
5555
5556
5557
5558
5560
5561
5562
5563
5564
5565
5566
5567
5568
5569
5570
5571
5572
5573
5574
5575
5576
5577
5578
5579
5580
5581
5582
5583
5584
5585
5586
5587
5588
5589
5590
5591
5592
5593
5594
5595
5596
5598
5599
5600
5601
5602
5603
5604
5605
5606
5607
5608
5609
5610
5611
5612
5613
5614
5615
5616
5617
5619
5620
5621
5622
5623
5624
5625
5626
5627
5628
5629
5630
5631
5632
5633
5634
5635
5636
5637
5638
5639
5640
5641
5642
5643
5644
5645
5646
5647
5648
5649
5650
5651
5652
5653
5654
5655
5656
5657
5658
5659
5660
5661
5662
5663
5664
5665
5666
5667
5668
5669
5670
5671
5672
5673
5674
5675
5676
5677
5678
5679
5680
5681
5682
5683
5684
5685
5686
5687
5688
5689
5690
5691
5692
5693
5694
5695
5696
5697
5698
5699
5700
5701
5702
5703
5704
5705
5706
5707
5708
5709
5710
5711
5712
5713
5714
5715
5716
5717
5718
5719
5721
5725
5726
5727
5730
5734
5736
5737
5738
5740
5742
5744
5747
5749
5751
5754
5757
5758
5759
5760
5763
5766
5768
5771
5775
5779
5780
5781
5782
5784
5787
5789
5790
5791
5792
5794
5797
5800
5802
5805
5807
5810
5812
5815
5818
5821
5824
5825
5826
5830
5833
5834
5836
5837
5839
5841
5843
5845
5848
5849
5850
5851
5854
5858
5859
5860
5861
5862
5864
5866
5868
5871
5873
5874
5875
5878
5881
5882
5884
5887
5890
5892
5895
5899
5903
5904
5905
5906
5908
5911
5914
5915
5916
5918
5921
5924
5926
5929
5931
5934
5935
5936
5939
5942
5945
5947
5948
5949
5950
5954
5957
5958
5959
5960
5961
5963
5965
5967
5968
5969
5970
5971
5972
5973
5974
5975
5976
5977
5978
5979
5980
5981
5982
5983
5984
5985
5987
5988
5989
5990
5991
5992
5993
5994
5995
5996
5997
5998
5999
6000
6001
6002
6003
6004
6005
6006
6007
6008
6009
6010
6011
6012
6013
6014
6015
6016
6017
6018
6019
6020
6022
6023
6024
6025
6026
6027
6028
6029
6030
6031
6032
6033
6034
6035
6036
6037
6039
6040
6041
6042
6043
6044
6045
6046
6047
6048
6049
6050
6051
6052
6053
6054
6055
6056
6057
6058
6059
6060
6061
6062
6063
6064
6065
6066
6067
6068
6069
6070
6072
6073
6074
6075
6076
6077
6078
6079
6080
6081
6082
6083
6084
6085
6086
6087
6088
6089
6090
6091
6092
6093
6094
6095
6096
6097
6098
6099
6100
6101
6102
6103
6104
6106
6108
6109
6110
6111
6112
6113
6114
6115
6116
6117
6118
6119
6120
6121
6122
6123
6124
6125
6126
6127
6128
6129
6130
6131
6132
6133
6134
6135
6136
6137
6138
6139
6140
6141
6142
6143
6144
6145
6146
6147
6148
6149
6150
6151
6152
6153
6154
6155
6156
6157
6158
6159
6160
6162
6163
6164
6165
6166
6167
6168
6169
6170
6171
6172
6173
6174
6175
6176
6177
6178
6179
6180
6181
6182
6183
6184
6185
6186
6187
6188
6189
6190
6191
6192
6193
6194
6195
6196
6197
6198
6199
6200
6201
6202
6203
6204
6205
6206
6207
6208
6210
6212
6213
6214
6215
6216
6217
6218
6219
6220
6221
6222
6223
6224
6225
6226
6227
6228
6229
6232
6233
6234
6238
6239
6240
6243
6244
6245
6248
6249
6250
6253
6254
6255
6258
6259
6260
6262
6263
6264
6266
6268
6269
6272
6273
6274
6277
6278
6279
6280
6283
6284
6290
6291
6292
6293
6296
6297
6298
6300
6301
6303
6305
6307
6308
6309
6312
6313
6314
6317
6318
6319
6321
6322
6323
6326
6327
6328
6329
6331
6334
6335
6336
6339
6340
6341
6344
6345
6346
6347
6348
6351
6352
6353
6356
6357
6358
6359
6362
6363
6364
6367
6368
6369
6372
6373
6374
6377
6378
6379
6381
6382
6383
6385
6388
6391
6392
6393
6396
6397
6398
6399
6403
6409
6410
6411
6412
6415
6416
6417
6419
6420
6422
6424
6426
6427
6428
6431
6432
6433
6436
6437
6438
6440
6441
6442
6445
6446
6447
6448
6450
6452
6453
6454
6455
6458
6459
6460
6463
6464
6465
6466
6468
6470
6471
6472
6473
6474
6475
6476
6477
6478
6479
6480
6481
6482
6483
6484
6485
6486
6487
6488
6489
6490
6491
6492
6493
6494
6495
6496
6497
6499
6500
6501
6502
6503
6504
6505
6506
6507
6508
6510
6511
6512
6513
6514
6515
6516
6517
6518
6519
6520
6521
6522
6523
6524
6525
6526
6527
6528
6529
6530
6531
6532
6533
6534
6535
6536
6537
6538
6539
6540
6541
6542
6543
6544
6545
6546
6547
6548
6549
6550
6551
6552
6553
6554
6555
6556
6557
6558
6559
6560
6561
6562
6563
6564
6565
6566
6567
6568
6569
6570
6571
6572
6573
6574
6575
6576
6577
6578
6579
6580
6581
6582
6583
6586
6587
6588
6589
6590
6591
6592
6593
6594
6595
6596
6597
6598
6599
6600
6601
6602
6603
6604
6605
6606
6607
6608
6609
6610
6611
6612
6613
6614
6615
6616
6617
6618
6619
6620
6621
6622
6623
6624
6625
6626
6627
6628
6629
6630
6631
6632
6633
6634
6635
6636
6637
6638
6639
6640
6642
6643
6644
6645
6646
6647
6648
6650
6651
6652
6653
6654
6655
6656
6657
6658
6659
6660
6661
6662
6663
6664
6665
6666
6667
6668
6669
6670
6671
6672
6673
6674
6675
6676
6677
6678
6679
6680
6681
6682
6683
6684
6685
6686
6687
6688
6689
6690
6691
6692
6693
6694
6695
6696
6697
6698
6699
6700
6701
6702
6703
6704
6705
6706
6707
6708
6709
6710
6711
6712
6713
6714
6715
6716
6717
6718
6719
6720
6721
6722
6723
6724
6725
6726
6727
6728
6729
6730
6731
6732
6733
6734
6735
6736
6737
6738
6739
6740
6741
6742
6743
6744
6745
6746
6747
6748
6749
6750
6751
6752
6753
6754
6755
6756
6757
6758
6759
6760
6761
6762
6763
6764
6765
6766
6767
6768
6769
6770
6771
6772
6773
6775
6776
6777
6778
6779
6780
6782
6783
6784
6785
6786
6787
6788
6789
6790
6791
6792
6793
6794
6795
6796
6797
6798
6799
6800
6801
6802
6803
6804
6805
6806
6807
6808
6809
6810
6811
6812
6813
6814
6815
6816
6817
6818
6819
6820
6822
6823
6824
6825
6826
6827
6828
6829
6830
6831
6832
6834
6836
6837
6838
6840
6841
6842
6843
6844
6845
6846
6847
6848
6849
6850
6851
6852
6853
6854
6855
6856
6857
6858
6859
6860
6861
6862
6863
6864
6865
6866
6867
6868
6869
6870
6871
6872
6873
6874
6875
6876
6877
6878
6879
6880
6881
6882
6883
6884
6885
6886
6887
6888
6889
6890
6891
6892
6893
6894
6895
6896
6897
6898
6899
6900
6901
6902
6903
6904
6905
6906
6907
6908
6909
6910
6912
6913
6914
6915
6916
6917
6919
6920
6921
6922
6923
6924
6925
6926
6927
6928
6929
6930
6931
6932
6933
6934
6935
6936
6937
6938
6939
6940
6941
6942
6943
6944
6945
6946
6947
6948
6949
6950
6951
6952
6953
6954
6955
6956
6957
6958
6959
6960
6961
6962
6963
6964
6965
6966
6967
6968
6969
6970
6971
6972
6973
6974
6975
6976
6977
6978
6979
6980
6981
6982
6983
6984
6985
6986
6987
6988
6989
6990
6991
6992
6993
6994
6995
6996
6997
6998
6999
7000
7001
7002
7003
7004
7005
7006
7007
7008
7009
7010
7011
7012
7013
7014
7015
7016
7017
7018
7019
7020
7021
7022
7023
7024
7025
7026
7027
7028
7029
7030
7031
7032
7033
7034
7035
7036
7037
7038
7039
7040
7041
7042
7043
7044
7045
7046
7047
7048
7049
7050
7051
7052
7053
7055
7056
7057
7058
7059
7060
7061
7062
7063
7064
7065
7066
7067
7068
7069
7070
7071
7072
7073
7074
7075
7076
7077
7078
7079
7080
7081
7082
7083
7084
7085
7086
7087
7088
7089
7090
7091
7092
7093
7094
7095
7096
7097
7098
7099
7100
7101
7102
7103
7104
7105
7106
7107
7108
7109
7110
7111
7112
7113
7114
7115
7116
7117
7118
7119
7120
7121
7122
7123
7124
7125
7126
7127
7128
7129
7130
7131
7132
7133
7134
7135
7136
7137
7138
7139
7140
7141
7142
7143
7144
7145
7146
7147
7148
7149
7150
7151
7152
7153
7154
7155
7156
7157
7158
7159
7160
7161
7162
7163
7164
7165
7166
7168
7169
7170
7171
7172
7173
7175
7176
7177
7179
7180
7181
7183
7184
7186
7187
7188
7189
7190
7191
7192
7193
7194
7195
7196
7197
7198
7199
7200
7201
7202
7203
7204
7205
7206
7207
7208
7209
7210
7211
7212
7214
7215
7217
7218
7219
7220
7221
7222
7223
7224
7225
7226
7227
7228
7229
7230
7232
7233
7234
7235
7236
7237
7238
7242
7243
7244
7245
7246
7247
7248
7249
7250
7251
7252
7253
7254
7255
7256
7257
7258
7259
7260
7261
7262
7263
7264
7265
7267
7268
7269
7271
7272
7273
7274
7275
7276
7277
7278
7279
7280
7281
7282
7283
7284
7285
7286
7287
7288
7289
7290
7291
7293
7294
7295
7296
7297
7298
7299
7300
7301
7302
7303
7304
7306
7307
7308
7309
7310
7311
7313
7314
7315
7316
7317
7318
7319
7320
7321
7322
7323
7324
7325
7326
7327
7328
7329
7330
7331
7332
7333
7334
7335
7336
7337
7338
7339
7340
7341
7342
7343
7344
7345
7346
7347
7348
7349
7350
7351
7352
7353
7354
7355
7356
7357
7358
7359
7360
7361
7362
7363
7364
7365
7366
7367
7368
7369
7370
7371
7372
7373
7374
7375
7376
7377
7378
7379
7380
7381
7382
7383
7384
7385
7386
7387
7388
7389
7390
7391
7392
7393
7394
7395
7396
7397
7398
7399
7400
7401
7402
7403
7404
7405
7406
7407
7408
7409
7410
7411
7412
7413
7414
7415
7416
7417
7418
7419
7420
7421
7422
7423
7424
7425
7426
7427
7428
7429
7430
7431
7432
7433
7434
7436
7437
7438
7439
7440
7441
7442
7443
7444
7445
7446
7447
7448
7449
7450
7451
7452
7453
7454
7455
7456
7457
7458
7459
7460
7461
7462
7464
7465
7466
7467
7468
7469
7470
7471
7472
7473
7474
7475
7476
7477
7479
7480
7481
7482
7483
7484
7485
7486
7487
7488
7489
7490
7491
7492
7493
7494
7495
7496
7497
7498
7499
7500
7501
7502
7503
7504
7505
7506
7507
7508
7509
7510
7511
7512
7513
7514
7515
7516
7517
7518
7519
7520
7521
7522
7523
7524
7525
7526
7527
7528
7529
7530
7531
7532
7533
7534
7535
7536
7537
7538
7539
7540
7541
7542
7543
7544
7545
7546
7547
7548
7549
7550
7551
7552
7553
7554
7555
7556
7736
7737
7752
7753
7774
7775
7776
7777
7807
7808
7810
7812
7813
7814
7815
7816
7817
7821
7822
7823
7844
7845
7846
7847
7877
7878
7880
7882
7883
7884
7885
7886
7887
7888
7889
7891
7892
7893
7914
7915
7916
7917
7947
7948
7949
7951
7952
7953
7954
7955
7956
7957
7958
7960
7982
7983
7984
7985
8016
8017
8018
8019
8020
8021
8022
8023
8024
8047
8048
8049
8081
8082
8083
8084
8085
8086
8087
8088
8089
8111
8112
8113
8146
8147
8148
8149
8150
8151
8152
8153
8175
8176
8177
8209
8211
8212
8213
8214
8215
8216
8217
8218
8240
8241
8242
8273
8274
8275
8277
8278
8279
8280
8281
8282
8283
8305
8306
8307
8308
8338
8339
8341
8343
8344
8345
8347
8348
8349
8350
8351
8372
8373
8374
8375
8405
8406
8408
8410
8411
8412
8413
8414
8415
8419
8420
8421
8442
8443
8444
8445
8474
8475
8489
8490
8491
8512
8513
8514
8515
8541
8542
8543
8544
8546
8547
8548
8549
8550
8551
8552
8553
8554
8555
8556
8557
8558
8559
8560
8561
8562
8563
8564
8565
8566
8567
8568
8569
8570
8571
8572
8573
8574
8575
8576
8577
8578
8579
8580
8581
8582
8583
8584
8585
8586
8587
8588
8589
8590
8591
8592
8593
8594
8596
8597
8598
8599
8600
8601
8602
8603
8604
8605
8606
8607
8608
8609
8610
8611
8612
8613
8614
8615
8616
8617
8618
8619
8620
8621
8622
8623
8624
8625
8626
8627
8628
8629
8630
8631
8632
8633
8634
8635
8636
8637
8638
8639
8640
8641
8642
8643
8644
8645
8646
8647
8648
8649
8650
8651
8652
8654
8655
8666
8687
8711
8714
8776
8779
8780
8781
8782
8783
8784
8785
8786
8787
8866
8867
8874
8877
8878
8879
8881
8882
8887
8888
8896
8899
8900
8901
8902
8903
8904
8905
8908
8911
8919
8920
8922
8923
8924
8925
8926
8927
8930
8988
8991
8992
8993
8994
8995
8996
8997
8998
8999
9078
9079
9089
9090
9091
9092
9093
9094
9096
9097
9098
9101
9102
9105
9106
9107
9108
9110
9111
9112
9113
9114
9115
9117
9118
9119
9120
9121
9122
9123
9124
9125
9126
9127
9131
9135
9137
9138
9139
9140
9141
9142
9143
9204
9207
9208
9209
9210
9211
9212
9213
9214
9215
9294
9295
9305
9306
9307
9308
9309
9310
9313
9314
9315
9317
9318
9319
9320
9321
9322
9323
9324
9325
9326
9327
9328
9329
9330
9331
9332
9333
9334
9335
9336
9339
9341
9342
9346
9348
9349
9350
9351
9412
9415
9416
9417
9418
9419
9420
9421
9422
9423
9502
9503
9513
9515
9517
9518
9519
9520
9521
9522
9523
9524
9525
9526
9527
9528
9529
9530
9531
9532
9533
9534
9536
9537
9538
9539
9540
9542
9543
9610
9613
9614
9615
9616
9617
9618
9620
9621
9700
9701
9714
9715
9716
9717
9718
9719
9720
9721
9722
9723
9724
9725
9726
9727
9728
9729
9730
9731
9732
9733
9734
9735
9736
9737
9738
9739
9740
9742
9743
9807
9810
9811
9812
9813
9814
9815
9818
9897
9911
9912
9915
9918
9919
9921
9922
9923
9924
9925
9926
9927
9928
9929
9930
9931
9933
9934
9936
9937
9938
9940
10008
10011
10094
10095
10108
10109
10111
10112
10113
10114
10115
10116
10117
10118
10119
10120
10121
10122
10123
10124
10125
10126
10127
10128
10130
10131
10132
10134
10135
10136
10137
10139
10201
10204
10205
10206
10207
10208
10209
10211
10212
10291
10292
10302
10306
10307
10308
10309
10310
10311
10312
10313
10314
10315
10316
10317
10318
10319
10320
10321
10322
10323
10324
10325
10327
10328
10330
10331
10332
10333
10334
10335
10336
10338
10400
10403
10404
10405
10406
10407
10408
10410
10411
10490
10491
10501
10502
10503
10504
10505
10506
10508
10509
10510
10513
10514
10515
10517
10518
10519
10520
10521
10522
10523
10524
10525
10526
10527
10528
10529
10530
10531
10532
10533
10534
10537
10538
10540
10541
10542
10543
10544
10545
10546
10547
10548
10549
10610
10613
10614
10615
10616
10617
10618
10619
10620
10621
10700
10701
10711
10712
10713
10714
10715
10716
10719
10720
10721
10723
10728
10729
10730
10731
10733
10734
10735
10736
10737
10738
10739
10740
10741
10743
10744
10745
10746
10747
10748
10749
10750
10751
10752
10753
10754
10758
10762
10763
10764
10765
10766
10767
10768
10769
10770
10831
10834
10835
10836
10837
10838
10839
10840
10841
10842
10921
10922
10929
10932
10933
10934
10935
10936
10937
10942
10943
10954
10955
10956
10958
10959
10974
10977
10978
10979
10980
10981
10982
10985
11043
11046
11047
11048
11049
11050
11051
11052
11053
11054
11133
11214
11216
11217
11218
11219
11220
11221
11282
11296
11312
11314
11420
11422
11423
11425
11429
11435
11437
11438
11439
11443
11450
11451
11452
11453
11454
11455
11563
11564
11565
11566
11568
11569
11571
11572
11574
11576
11577
11578
11579
11580
11581
11582
11583
11585
11586
11587
11588
11590
11591
11592
11593
11594
11595
11600
11602
11603
11604
11605
11713
11714
11715
11716
11719
11720
11721
11722
11723
11724
11725
11726
11727
11728
11729
11730
11731
11732
11733
11734
11735
11736
11737
11738
11739
11743
11746
11748
11749
11857
11860
11861
11862
11863
11864
11865
11866
11867
11868
11869
11870
11871
11872
11873
11874
11876
11877
11878
11880
11994
11995
11996
11997
11998
11999
12000
12001
12002
12003
12004
12005
12006
12007
12008
12009
12010
12011
12012
12013
12014
12016
12128
12129
12131
12135
12136
12137
12138
12139
12140
12141
12142
12144
12146
12147
12148
12149
12150
12262
12263
12264
12265
12266
12267
12268
12269
12270
12271
12272
12273
12274
12275
12276
12277
12278
12279
12280
12281
12282
12283
12284
12286
12394
12396
12397
12398
12399
12400
12401
12402
12403
12404
12405
12406
12407
12408
12409
12410
12411
12412
12413
12414
12415
12416
12417
12418
12419
12420
12422
12530
12531
12532
12533
12534
12535
12536
12538
12539
12541
12542
12543
12544
12545
12546
12547
12548
12549
12550
12551
12552
12553
12554
12555
12556
12557
12558
12561
12563
12564
12565
12566
12567
12568
12676
12677
12678
12679
12682
12683
12684
12688
12690
12691
12692
12693
12694
12695
12696
12697
12698
12699
12700
12703
12705
12706
12707
12708
12709
12710
12711
12712
12718
12719
12720
12721
12722
12723
12829
12831
12832
12833
12834
12838
12846
12847
12859
12861
12862
12863
12864
13034
13035
13036
13037
13038
13039
13040
13041
13042
13043
13044
13045
13046
13047
13048
13049
13050
13051
13052
13053
13054
13055
13057
13058
13059
13061
13062
13063
13064
13065
13066
13067
13068
13069
13070
13071
13072
13073
13074
13075
13076
13077
13078
13079
13080
13081
13082
13083
13084
13085
13086
13087
13088
13089
13090
13091
13092
13093
13095
13096
13097
13098
13099
13100
13101
13102
13103
13104
13105
13106
13107
13108
13109
13110
13111
13112
13113
13114
13115
13116
13117
13118
13119
13120
13121
13122
13123
13124
13125
13126
13127
13130
13131
13132
13133
13134
13136
13137
13139
13141
13143
13144
13145
13147
13149
13150
13152
13153
13155
13156
13158
13160
13162
13164
13165
13166
13167
13168
13170
13171
13172
13174
13176
13178
13180
13182
13184
13187
13189
13191
13192
13193
13195
13197
13198
13200
13201
13203
13204
13206
13208
13210
13212
13213
13214
13215
13216
13218
13219
13220
13222
13224
13228
13230
13231
13232
13233
13234
13235
13236
13237
13238
13239
13240
13241
13242
13243
13244
13245
13246
13247
13248
13249
13250
13251
13252
13253
13254
13255
13256
13257
13258
13259
13260
13262
13263
13264
13265
13266
13268
13270
13271
13272
13274
13276
13277
13278
13279
13282
13284
13287
13288
13290
13294
13296
13297
13298
13300
13301
13302
13304
13305
13306
13308
13309
13310
13312
13314
13316
13318
13319
13322
13324
13326
13328
13332
13334
13336
13338
13339
13340
13342
13349
13350
13352
13363
13368
13379
13380
13381
13382
13384
13425
13426
13427
13428
13429
13430
13432
13483
13490
13492
13493
13495
13496
13499
13501
13502
13504
13505
13506
13507
13508
13509
13510
13511
13512
13513
13516
13518
13519
13520
13521
13522
13523
13525
13527
13530
13532
13533
13534
13535
13537
13578
13579
13580
13581
13582
13583
13585
13636
13643
13645
13646
13647
13648
13651
13652
13653
13654
13655
13656
13657
13658
13659
13660
13661
13662
13663
13664
13665
13666
13667
13668
13669
13670
13671
13672
13673
13674
13675
13676
13677
13678
13679
13680
13681
13682
13683
13685
13690
13692
13693
13695
13736
13737
13738
13739
13740
13741
13743
13794
13801
13803
13804
13807
13808
13809
13810
13811
13812
13813
13814
13815
13816
13817
13818
13819
13820
13821
13822
13823
13824
13825
13826
13828
13829
13830
13831
13832
13834
13836
13837
13839
13842
13886
13887
13888
13889
13890
13891
13944
13953
13955
13956
13957
13958
13959
13960
13961
13962
13963
13964
13965
13966
13967
13968
13969
13970
13971
13972
13973
13974
13975
13976
13977
13978
13979
13980
13982
14027
14028
14029
14030
14031
14032
14085
14094
14096
14097
14098
14100
14102
14104
14105
14106
14107
14108
14109
14110
14111
14112
14113
14114
14115
14116
14118
14119
14121
14164
14166
14222
14231
14233
14234
14236
14237
14238
14239
14240
14241
14242
14243
14244
14245
14246
14247
14248
14249
14250
14251
14252
14253
14254
14255
14256
14258
14301
14302
14303
14304
14306
14359
14368
14369
14370
14371
14372
14373
14374
14375
14376
14377
14378
14379
14380
14381
14382
14383
14384
14385
14386
14387
14388
14389
14390
14391
14392
14393
14394
14395
14396
14397
14398
14441
14442
14443
14444
14445
14446
14499
14508
14509
14510
14511
14512
14513
14514
14515
14516
14517
14518
14519
14520
14521
14522
14523
14524
14525
14526
14527
14528
14529
14530
14531
14532
14533
14534
14535
14537
14538
14539
14540
14541
14542
14544
14585
14586
14587
14588
14589
14590
14592
14643
14650
14652
14653
14654
14655
14658
14659
14661
14662
14664
14665
14666
14667
14668
14669
14670
14671
14672
14673
14674
14675
14676
14677
14678
14679
14680
14681
14682
14683
14684
14685
14687
14690
14692
14693
14694
14695
14697
14738
14739
14740
14741
14742
14743
14745
14796
14803
14804
14805
14806
14808
14809
14815
14817
14819
14820
14821
14822
14823
14825
14826
14827
14828
14830
14832
14834
14835
14837
14838
14839
14840
14847
14849
14850
14851
14852
14854
14895
14896
14897
14898
14899
14900
14902
14953
14957
14958
14960
14964
14972
14973
14995
14996
14997
15024
15025
15026
15027
15028
15029
15030
15032
15033
15034
15035
15036
15037
15038
15039
15040
15041
15042
15043
15044
15045
15046
15047
15048
15049
15050
15051
15052
15053
15054
15055
15056
15057
15058
15059
15060
15062
15063
15064
15065
15066
15067
15068
15069
15070
15071
15072
15073
15074
15075
15076
15077
15078
15079
15080
15081
15082
15083
15084
15085
15086
15087
15088
15089
15090
15091
15092
15093
15094
15095
15096
15097
15098
15099
15100
15101
15102
15103
15104
15106
15107
15108
15109
15110
15111
15112
15113
15114
15115
15116
15117
15118
15119
15120
15121
15122
15123
15124
15125
15126
15127
15128
15129
15130
15131
15132
15133
15134
15135
15136
15137
15138
15139
15140
15141
15142
15143
15144
15145
15146
15147
15148
15149
15150
15151
15152
15153
15154
15155
15156
15157
15158
15159
15160
15161
15162
15163
15164
15165
15166
15167
15168
15169
15170
15171
15172
15173
15174
15175
15176
15177
15178
15179
15180
15181
15182
15183
15184
15185
15186
15228
15229
15230
15231
15298
15299
15300
15301
15787
15788
15789
15790
15791
15792
15793
15794
15795
15796
15797
15798
15799
15800
15801
15802
15803
15804
15805
15806
15807
15808
15809
15810
15811
15812
15813
15814
15815
15816
15817
15818
15819
15820
15821
15822
15823
15824
15825
15826
15831
15832
15833
15834
17033
17034
17041
17049
17050
17051
17074
17075
17080
17081
17082
17083
17084
17088
17089
17090
17114
17115
17117
17118
17120
17122
17124
17125
17126
17151
17153
17154
17155
17156
17157
17159
17160
17186
17187
17188
17189
17190
17191
17218
17219
17220
17221
17222
17223
17224
17225
17252
17253
17254
17255
17256
17257
17286
17287
17288
17289
17316
17317
17318
17320
17321
17322
17325
17326
17351
17352
17355
17356
17357
17360
17361
17362
17386
17387
17391
17393
17395
17397
17400
17401
17402
17426
17427
17433
17441
17442
17483
17484
17487
17489
17490
17491
17492
17493
17494
17508
17530
17534
17538
17540
17542
17544
17548
17588
17590
17592
17593
17594
17595
17596
17597
17598
17599
17601
17602
17603
17605
17606
17610
17765
17767
17769
17771
17772
17773
17774
17775
17776
17777
17778
17780
17781
17782
17784
17785
17794
17796
17798
17799
17808
17809
17812
17813
17814
17816
17817
17818
17820
17821
17822
17823
17824
17825
17826
17827
17828
17830
17831
17832
17834
17835
17836
17837
17838
17839
17840
17841
17844
17845
17848
17850
17854
17870
17871
17872
17873
17874
17875
17876
17877
17878
17879
17880
17881
17882
17883
17884
17885
17886
17887
17888
17889
17890
18053
18056
18058
18059
18060
18061
18062
18063
18064
18065
18066
18067
18068
18069
18079
18080
18081
18083
18084
18086
18087
18088
18089
18090
18091
18092
18093
18095
18096
18097
18098
18099
18100
18101
18102
18103
18104
18105
18106
18107
18109
18110
18111
18113
18114
18115
18117
18118
18126
18128
18129
18130
18132
18133
18134
18135
18136
18137
18138
18139
18140
18141
18143
18144
18145
18315
18316
18318
18321
18322
18325
18328
18329
18332
18333
18335
18336
18337
18338
18339
18340
18341
18342
18343
18344
18345
18346
18347
18348
18349
18350
18351
18352
18353
18354
18355
18356
18357
18358
18359
18360
18362
18363
18364
18366
18367
18375
18377
18378
18379
18381
18383
18385
18387
18558
18560
18563
18564
18566
18567
18568
18570
18571
18572
18573
18574
18575
18576
18577
18578
18579
18580
18581
18582
18583
18584
18585
18586
18587
18588
18589
18590
18591
18592
18593
18594
18595
18596
18597
18598
18599
18600
18601
18602
18604
18605
18606
18608
18609
18791
18795
18798
18799
18801
18802
18803
18804
18805
18806
18807
18808
18809
18810
18811
18812
18813
18814
18815
18816
18817
18818
18819
18820
18821
18822
18823
18824
18825
18826
18827
18828
18829
18830
18831
18832
18833
18834
18835
18836
18837
18838
18839
18840
18841
18842
18843
18844
18847
18848
18851
19024
19028
19031
19032
19034
19035
19036
19038
19039
19040
19041
19042
19043
19044
19045
19046
19047
19048
19049
19050
19051
19052
19053
19054
19055
19056
19057
19058
19059
19060
19062
19063
19064
19065
19066
19067
19068
19069
19070
19071
19072
19073
19074
19076
19077
19078
19080
19081
19082
19084
19085
19086
19259
19260
19263
19264
19265
19266
19268
19269
19270
19271
19272
19273
19274
19275
19276
19277
19278
19279
19280
19281
19282
19283
19284
19285
19286
19287
19288
19289
19290
19291
19292
19293
19294
19295
19296
19297
19298
19299
19300
19301
19302
19304
19305
19306
19308
19309
19310
19312
19313
19314
19315
19316
19318
19319
19320
19321
19497
19498
19499
19500
19501
19502
19503
19504
19505
19506
19507
19508
19510
19511
19512
19513
19514
19515
19516
19517
19518
19519
19520
19521
19522
19523
19524
19525
19526
19527
19528
19529
19530
19531
19532
19533
19534
19535
19536
19537
19539
19540
19541
19543
19544
19545
19547
19548
19549
19550
19551
19553
19554
19555
19556
19557
19558
19559
19560
19561
19562
19563
19565
19567
19569
19735
19736
19737
19738
19739
19740
19741
19742
19743
19744
19745
19746
19747
19748
19749
19751
19753
19755
19757
19761
19762
19763
19764
19765
19766
19767
19768
19769
19770
19771
19773
19774
19775
19777
19778
19779
19780
19781
19782
19783
19784
19785
19787
19788
19789
19791
19792
19793
19796
19797
19799
19802
19803
19805
19806
19807
19808
19809
19810
19811
19812
19813
19814
19815
19816
19817
19818
19819
19821
19822
19823
19825
19826
19985
19987
19989
19991
19992
19993
19994
19995
19996
19997
19998
19999
20000
20002
20003
20004
20016
20017
20018
20027
20030
20031
20035
20036
20039
20040
20041
20042
20043
20044
20045
20046
20047
20048
20049
20050
20052
20053
20054
20055
20056
20057
20058
20059
20060
20061
20062
20063
20066
20067
20072
20083
20087
20090
20091
20092
20093
20094
20095
20096
20097
20098
20099
20100
20101
20102
20103
20104
20105
20106
20107
20108
20109
20110
20269
20270
20271
20273
20274
20275
20276
20277
20278
20279
20280
20281
20282
20286
20294
20296
20300
20320
20324
20326
20328
20330
20334
20338
20374
20376
20378
20380
20381
20382
20383
20384
20385
20386
20387
20388
20389
20391
20392
20393
20396
20400
20549
20577
20609
20613
20713
20714
20717
20718
20719
20720
20721
20722
20728
20729
20730
20731
20732
20746
20748
20749
20750
20751
20752
20754
20756
20757
20759
20760
20761
20764
20766
20767
20788
20789
20790
20791
20792
20794
20796
20797
20798
20799
20801
20802
20917
20918
20919
20920
20921
20922
20923
20924
20925
20926
20928
20930
20931
20934
20938
20940
20942
20943
20944
20946
20949
20950
20951
20953
20954
20956
20957
20960
20962
20963
20969
20971
20973
20974
20975
20976
20977
20978
20979
20980
20981
20982
20983
20985
21103
21105
21106
21107
21108
21109
21110
21111
21112
21113
21115
21117
21120
21121
21123
21124
21126
21127
21128
21129
21130
21131
21133
21135
21136
21137
21139
21141
21147
21149
21151
21152
21153
21154
21155
21156
21276
21279
21280
21281
21282
21283
21284
21285
21287
21288
21289
21290
21292
21293
21294
21295
21296
21297
21298
21299
21300
21301
21303
21304
21305
21306
21307
21308
21309
21311
21313
21319
21321
21323
21448
21449
21450
21451
21452
21454
21455
21456
21457
21458
21459
21460
21461
21462
21463
21464
21465
21466
21467
21469
21470
21471
21472
21473
21474
21475
21476
21477
21478
21479
21480
21482
21484
21614
21617
21619
21620
21622
21624
21626
21627
21628
21629
21630
21631
21632
21633
21634
21635
21636
21638
21639
21640
21641
21642
21644
21645
21646
21649
21650
21780
21782
21783
21785
21786
21787
21789
21790
21791
21792
21793
21794
21795
21796
21797
21798
21799
21800
21801
21802
21803
21804
21805
21806
21807
21809
21810
21811
21812
21813
21814
21815
21816
21818
21820
21943
21946
21947
21948
21949
21950
21951
21952
21953
21954
21955
21956
21957
21958
21960
21961
21962
21963
21964
21965
21966
21967
21969
21970
21971
21972
21973
21974
21975
21976
21977
21978
21980
21981
21983
21984
21985
21986
21987
21988
22110
22111
22112
22113
22114
22115
22116
22117
22118
22119
22120
22121
22122
22123
22125
22128
22129
22131
22132
22133
22134
22135
22136
22137
22138
22140
22141
22142
22144
22145
22146
22148
22149
22151
22152
22153
22154
22155
22156
22157
22158
22159
22160
22161
22281
22282
22283
22284
22285
22286
22287
22288
22289
22290
22291
22292
22294
22295
22298
22301
22302
22307
22308
22309
22310
22313
22314
22315
22316
22317
22318
22320
22321
22323
22324
22327
22333
22334
22335
22336
22337
22338
22339
22340
22341
22342
22343
22344
22345
22346
22347
22349
22468
22470
22471
22472
22473
22474
22475
22476
22482
22483
22484
22485
22486
22497
22502
22503
22504
22505
22506
22507
22508
22511
22512
22513
22514
22517
22518
22521
22537
22539
22542
22543
22544
22545
22546
22547
22548
22551
22552
22553
22555
22556
22668
22696
22728
22732
22736
22834
22862
22894
22898
22997
22998
22999
23002
23003
23004
23005
23006
23012
23013
23014
23015
23016
23032
23033
23035
23036
23037
23039
23041
23044
23046
23051
23072
23073
23074
23075
23076
23077
23079
23081
23082
23083
23084
23086
23201
23202
23203
23204
23205
23206
23207
23208
23209
23210
23211
23213
23215
23219
23223
23225
23226
23227
23228
23229
23233
23234
23235
23237
23239
23241
23242
23243
23245
23247
23253
23254
23256
23258
23259
23260
23261
23262
23263
23264
23265
23266
23267
23270
23387
23388
23390
23391
23392
23393
23394
23395
23396
23397
23398
23400
23406
23407
23408
23409
23411
23412
23413
23414
23415
23416
23418
23420
23421
23422
23424
23431
23432
23434
23436
23437
23438
23439
23440
23560
23561
23564
23565
23566
23567
23568
23569
23570
23572
23573
23574
23575
23577
23578
23579
23580
23581
23582
23583
23584
23585
23587
23588
23589
23590
23591
23592
23593
23594
23596
23604
23606
23732
23733
23734
23735
23736
23737
23739
23740
23741
23742
23743
23744
23745
23746
23747
23748
23749
23750
23751
23752
23753
23754
23755
23756
23757
23758
23759
23760
23761
23762
23763
23764
23765
23767
23899
23902
23904
23905
23907
23908
23909
23911
23912
23913
23914
23915
23916
23917
23918
23919
23920
23921
23923
23924
23925
23926
23927
23929
23930
23931
23932
23934
24065
24067
24068
24069
24070
24071
24072
24073
24074
24075
24076
24077
24078
24079
24080
24081
24082
24083
24084
24085
24086
24087
24088
24089
24090
24091
24093
24094
24095
24096
24097
24098
24099
24100
24103
24105
24228
24230
24231
24232
24233
24234
24235
24236
24237
24238
24239
24240
24241
24242
24243
24244
24245
24246
24247
24248
24249
24250
24251
24252
24253
24255
24256
24257
24258
24259
24260
24261
24262
24263
24264
24265
24266
24267
24269
24270
24271
24272
24392
24395
24396
24397
24398
24399
24400
24401
24402
24403
24404
24405
24406
24408
24412
24413
24414
24415
24416
24417
24418
24419
24420
24421
24422
24423
24424
24425
24426
24427
24429
24430
24431
24432
24433
24434
24435
24436
24437
24438
24439
24440
24441
24442
24443
24444
24445
24565
24566
24567
24568
24569
24570
24571
24572
24573
24574
24575
24576
24577
24579
24583
24586
24587
24590
24592
24593
24594
24597
24598
24599
24600
24601
24603
24605
24606
24607
24608
24609
24617
24618
24619
24620
24621
24622
24623
24624
24625
24626
24627
24628
24629
24630
24631
24634
24751
24753
24755
24756
24757
24758
24759
24760
24766
24767
24768
24769
24770
24786
24787
24789
24790
24791
24792
24793
24797
24798
24802
24822
24824
24826
24827
24828
24829
24830
24831
24832
24833
24836
24837
24838
24840
24953
24981
25013
25017
25103
25104
25105
25107
25108
25109
25110
25111
25112
25113
25114
25115
25116
25117
25118
25119
25120
25121
25122
25123
25124
25126
25127
25128
25129
25130
25131
25132
25133
25134
25135
25136
25137
25138
25139
25141
25142
25144
25145
25146
25147
25148
25149
25150
25151
25152
25153
25154
25155
25156
25157
25159
25160
25162
25163
25164
25165
25166
25167
25168
25169
25170
25171
25172
25173
25174
25176
25177
25178
25180
25183
25184
25185
25186
25187
25188
25190
25191
25192
25193
25194
25195
25196
25197
25198
25199
25204
25205
25206
25207
25208
25209
25210
25211
25212
25213
25216
25217
25218
25219
25220
25221
25222
25223
25224
25225
25245
25246
25247
25248
25249
25250
25253
25254
25255
25263
25287
25292
25335
25340
25341
25342
25344
25345
25346
25347
25348
25349
25350
25351
25489
25495
25496
25497
25498
25499
25500
25501
25502
25504
25505
25506
25514
25516
25518
25527
25528
25529
25530
25531
25532
25533
25534
25535
25536
25537
25539
25540
25541
25543
25544
25545
25546
25547
25548
25549
25550
25551
25552
25553
25555
25556
25560
25575
25576
25577
25578
25579
25580
25581
25582
25583
25584
25585
25586
25587
25588
25589
25590
25591
25592
25736
25737
25738
25739
25740
25741
25742
25743
25744
25745
25746
25747
25754
25755
25756
25757
25758
25759
25760
25761
25763
25767
25768
25769
25770
25771
25772
25773
25775
25777
25778
25779
25780
25781
25782
25783
25784
25785
25792
25794
25796
25797
25798
25799
25800
25801
25802
25803
25804
25805
25807
25808
25809
25953
25954
25955
25956
25958
25959
25961
25963
25964
25966
25967
25968
25970
25971
25974
25977
25978
25979
25980
25981
25982
25983
25984
25985
25986
25987
25988
25989
25990
25991
25992
25994
25996
25997
26004
26006
26008
26009
26011
26159
26161
26166
26167
26168
26170
26172
26173
26174
26175
26176
26177
26178
26179
26180
26181
26182
26183
26184
26185
26186
26187
26188
26189
26190
26191
26192
26193
26194
26195
26196
26197
26198
26199
26201
26203
26204
26366
26367
26369
26370
26371
26372
26373
26374
26375
26376
26377
26378
26379
26380
26381
26382
26383
26384
26385
26386
26387
26388
26389
26390
26391
26392
26393
26394
26395
26396
26397
26398
26399
26400
26401
26402
26403
26404
26405
26406
26408
26409
26410
26411
26567
26568
26570
26573
26574
26575
26576
26577
26578
26579
26580
26581
26582
26583
26584
26585
26586
26587
26588
26589
26590
26591
26592
26593
26594
26595
26596
26597
26598
26599
26600
26601
26602
26603
26604
26605
26606
26607
26608
26609
26610
26611
26612
26764
26768
26769
26770
26771
26773
26774
26775
26776
26777
26780
26781
26782
26783
26784
26785
26786
26787
26788
26789
26790
26791
26792
26793
26794
26795
26796
26797
26798
26799
26800
26801
26802
26803
26804
26805
26806
26807
26808
26809
26810
26811
26813
26963
26964
26965
26966
26968
26969
26970
26971
26972
26973
26974
26975
26976
26977
26978
26980
26981
26983
26984
26987
26988
26989
26990
26991
26992
26993
26994
26995
26996
26997
26998
26999
27000
27001
27002
27003
27004
27005
27006
27007
27008
27009
27010
27011
27013
27014
27015
27016
27017
27018
27019
27021
27169
27170
27171
27172
27173
27174
27175
27176
27177
27178
27179
27180
27181
27182
27187
27188
27189
27190
27192
27193
27194
27196
27199
27200
27201
27202
27203
27204
27205
27206
27207
27208
27213
27214
27215
27217
27218
27219
27221
27222
27224
27225
27226
27227
27228
27229
27230
27231
27232
27233
27234
27235
27236
27237
27238
27240
27241
27242
27383
27386
27387
27388
27389
27390
27391
27392
27393
27394
27395
27396
27397
27404
27405
27407
27409
27416
27418
27420
27421
27422
27423
27424
27425
27426
27427
27429
27430
27431
27433
27434
27435
27436
27437
27438
27439
27440
27441
27443
27444
27445
27446
27447
27448
27466
27467
27468
27469
27470
27471
27472
27473
27474
27475
27476
27477
27478
27479
27480
27481
27482
27483
27621
27623
27624
27625
27626
27628
27630
27631
27632
27634
27641
27642
27665
27670
27711
27713
27715
27716
27717
27718
27719
27721
27722
27723
27724
27725
27726
27727
27728
27877
27880
27933
27936
27997
28000
28005
28008
28198
28208
28211
28214
28215
28221
28224
28225
28226
28227
28241
28244
28245
28246
28247
28271
28281
28284
28286
28287
28288
28291
28295
28297
28298
28301
28305
28307
28311
28317
28321
28348
28351
28358
28361
28364
28365
28366
28367
28368
28371
28375
28377
28384
28385
28387
28616
28619
28622
28623
28624
28625
28626
28629
28632
28633
28634
28635
28639
28643
28645
28646
28654
28656
28659
28663
28665
28669
28672
28673
28674
28676
28679
28682
28685
28687
28688
28696
28698
28709
28715
28717
28719
28722
28725
28726
28727
28728
28729
28732
28735
28736
28737
28738
28746
28977
28980
28983
28985
28986
28987
28990
28993
28994
28995
28996
29003
29005
29007
29010
29016
29017
29020
29023
29024
29026
29027
29037
29039
29043
29046
29048
29060
29066
29068
29070
29073
29076
29077
29078
29079
29318
29324
29327
29331
29334
29335
29336
29337
29338
29341
29345
29346
29347
29348
29351
29355
29356
29357
29358
29361
29364
29365
29366
29367
29368
29371
29374
29377
29378
29379
29380
29384
29387
29389
29407
29409
29659
29662
29665
29666
29667
29668
29669
29672
29676
29677
29678
29679
29682
29685
29686
29687
29688
29689
29692
29695
29696
29697
29698
29699
29702
29705
29708
29709
29710
29711
29712
29715
29718
29719
29720
29721
29725
29728
29730
29990
29993
29996
29999
30003
30006
30007
30009
30013
30016
30018
30019
30023
30026
30027
30028
30029
30030
30036
30039
30041
30042
30043
30046
30049
30050
30052
30053
30056
30059
30060
30062
30321
30324
30327
30329
30330
30331
30334
30337
30338
30339
30340
30341
30344
30347
30348
30349
30350
30351
30354
30357
30358
30359
30360
30361
30364
30367
30370
30371
30372
30373
30374
30377
30381
30382
30383
30384
30387
30390
30391
30392
30393
30397
30401
30403
30642
30650
30652
30655
30658
30659
30660
30661
30662
30665
30668
30669
30670
30671
30672
30675
30678
30679
30680
30681
30682
30685
30688
30689
30690
30691
30692
30695
30698
30701
30705
30706
30707
30708
30711
30714
30715
30716
30717
30718
30721
30724
30725
30726
30727
30731
30734
30735
30736
30737
30976
30979
30984
30985
30986
30989
30992
30993
30994
30995
30996
30999
31002
31003
31004
31005
31006
31012
31016
31019
31022
31023
31024
31025
31029
31032
31041
31042
31043
31044
31045
31051
31053
31054
31055
31058
31061
31062
31063
31064
31065
31068
31071
31072
31073
31074
31075
31078
31081
31082
31083
31084
31323
31326
31329
31330
31331
31332
31333
31336
31339
31340
31341
31342
31349
31350
31352
31353
31356
31361
31363
31369
31370
31380
31381
31382
31383
31386
31389
31392
31395
31398
31401
31404
31407
31409
31410
31417
31418
31431
31434
31437
31438
31439
31440
31441
31444
31447
31448
31449
31450
31451
31454
31457
31458
31459
31460
31468
31689
31699
31702
31706
31708
31709
31712
31715
31716
31717
31718
31732
31735
31736
31737
31738
31772
31775
31777
31778
31779
31785
31786
31789
31795
31796
31805
31839
31845
31847
31849
31852
31855
31856
31857
31858
31859
31862
31865
31866
31875
31876
31878
32093
32128
32168
32173
32297
32332
32372
32377
32497
32503
32506
32512
32524
32542
32548
32551
32554
32566
32587
32590
32593
32596
32599
32602
32748
32751
32754
32757
32763
32766
32772
32775
32781
32784
32787
32790
32805
32811
32814
32817
32820
32966
32969
32972
32975
32984
32987
32990
32993
32996
33008
33017
33023
33026
33172
33181
33184
33187
33190
33193
33196
33199
33202
33205
33208
33214
33378
33381
33384
33387
33390
33393
33396
33399
33402
33405
33408
33411
33414
33420
33578
33581
33587
33599
33602
33608
33611
33614
33617
33620
33778
33781
33784
33787
33790
33793
33796
33799
33802
33805
33808
33811
33814
33817
33820
33826
33972
33978
33981
33984
33987
33990
33993
33996
33999
34002
34005
34008
34011
34014
34017
34020
34023
34029
34175
34178
34181
34184
34187
34190
34193
34199
34202
34208
34211
34220
34226
34229
34232
34235
34238
34241
34387
34390
34393
34396
34405
34408
34411
34423
34426
34429
34435
34438
34441
34459
34462
34465
34468
34471
34474
34614
34620
34623
34626
34629
34641
34665
34668
34704
34710
34713
34716
34719
34936
34938
34939
34940
34941
34942
34967
34969
34970
34999
35001
35002
35003
35004
35005
35006
35010
35101
35106
35107
35108
35109
35110
35111
35112
35113
35119
35120
35123
35135
35136
35137
35138
35139
35140
35141
35142
35143
35145
35146
35148
35149
35150
35151
35152
35153
35155
35156
35157
35158
35176
35177
35178
35179
35180
35181
35182
35183
35185
35186
35187
35188
35190
35306
35307
35308
35310
35311
35312
35313
35314
35315
35317
35321
35323
35324
35325
35327
35328
35329
35330
35331
35334
35336
35337
35338
35339
35340
35341
35343
35346
35347
35348
35349
35355
35357
35359
35360
35361
35362
35363
35364
35365
35366
35367
35368
35369
35487
35488
35491
35492
35493
35494
35496
35497
35501
35502
35503
35504
35506
35508
35509
35510
35511
35512
35513
35514
35515
35517
35518
35519
35520
35521
35523
35525
35531
35533
35535
35536
35537
35539
35540
35659
35660
35663
35664
35667
35668
35669
35671
35672
35673
35674
35675
35676
35677
35678
35679
35680
35681
35682
35683
35684
35685
35686
35687
35688
35689
35690
35691
35692
35694
35696
35702
35829
35830
35831
35832
35833
35834
35835
35836
35837
35838
35839
35840
35841
35842
35843
35844
35845
35846
35847
35848
35849
35850
35851
35852
35853
35854
35855
35856
35857
35858
35859
35860
35861
35862
35863
35865
35867
35996
35997
35998
35999
36001
36002
36003
36004
36005
36006
36007
36008
36009
36010
36011
36012
36013
36014
36015
36016
36017
36018
36019
36020
36021
36022
36023
36025
36026
36027
36028
36030
36031
36032
36161
36162
36163
36165
36166
36167
36168
36169
36170
36171
36172
36173
36174
36175
36176
36177
36178
36179
36180
36181
36182
36183
36184
36185
36186
36187
36188
36189
36190
36191
36192
36193
36195
36196
36198
36199
36201
36322
36326
36327
36328
36329
36330
36331
36332
36333
36334
36336
36337
36338
36339
36341
36342
36343
36344
36345
36346
36347
36348
36349
36350
36351
36352
36353
36354
36355
36356
36357
36358
36360
36361
36363
36364
36365
36366
36367
36368
36369
36370
36371
36373
36374
36492
36493
36494
36496
36497
36498
36499
36500
36501
36502
36503
36504
36505
36506
36507
36509
36512
36513
36514
36515
36516
36517
36518
36519
36520
36521
36522
36523
36524
36525
36526
36527
36528
36529
36530
36531
36532
36534
36535
36538
36539
36540
36541
36542
36543
36544
36545
36546
36547
36548
36549
36550
36551
36552
36553
36671
36672
36673
36674
36675
36676
36677
36678
36679
36680
36682
36686
36690
36696
36697
36698
36700
36703
36705
36707
36708
36709
36710
36713
36714
36715
36716
36717
36718
36720
36722
36723
36724
36726
36737
36738
36739
36740
36741
36742
36743
36744
36745
36746
36747
36748
36749
36750
36751
36866
36870
36872
36873
36874
36875
36877
36878
36884
36885
36888
36904
36905
36907
36908
36914
36939
36941
36944
36945
36946
36947
36948
36951
36952
36953
36955
37097
37099
37101
37102
37103
37104
37106
37107
37108
37110
37111
37113
37115
37116
37117
37118
37119
37120
37125
37126
37139
37146
37147
37148
37151
37155
37156
37169
37202
37203
37207
37208
37211
37212
37215
37220
37223
37225
37229
37231
37233
37238
37246
37253
37322
37323
37326
37327
37328
37331
37332
37335
37336
37337
37338
37339
37340
37341
37343
37345
37347
37348
37349
37351
37352
37354
37355
37356
37357
37358
37359
37360
37361
37365
37366
37710
37713
37714
37715
37716
37722
37723
37724
37725
37726
37727
37728
37729
37730
37731
37732
37733
37734
37735
37736
37737
37738
37741
37742
37743
37745
37746
37747
37750
37751
37753
37764
37772
37773
37775
37777
37780
37781
37783
37789
37790
37797
37798
37799
37801
37802
37803
37808
37810
37811
37814
37815
37818
37819
37820
37821
37822
37823
37825
37827
37829
37830
37831
37832
37833
37835
37837
37838
37839
37840
37842
37843
37844
37846
37847
37848
37849
37850
37851
37852
37853
37854
37856
37857
37858
37859
37860
37862
37866
37867
37869
37870
37871
37874
37875
37879
37880
37883
37888
37889
37891
37912
37920
37922
37923
37924
37925
37926
37927
37928
37929
37930
37931
37932
37933
37934
37935
37936
37937
37938
37939
37940
37941
37942
37943
37944
37945
37946
37947
37948
37949
37950
37951
37952
37953
37954
37955
37956
37958
37959
37960
37961
37962
37963
37964
37966
38310
38314
38319
38322
38324
38325
38326
38327
38328
38329
38330
38331
38332
38333
38334
38335
38336
38337
38338
38339
38340
38341
38342
38343
38344
38346
38347
38348
38349
38350
38351
38352
38366
38369
38370
38371
38373
38374
38375
38376
38377
38378
38379
38380
38382
38383
38385
38386
38387
38388
38389
38390
38391
38392
38395
38397
38398
38399
38400
38401
38402
38403
38405
38406
38407
38408
38409
38410
38411
38412
38413
38414
38415
38416
38417
38418
38419
38421
38422
38423
38424
38426
38428
38430
38431
38432
38434
38435
38437
38438
38439
38440
38442
38443
38444
38446
38448
38462
38465
38466
38469
38470
38472
38474
38475
38478
38480
38481
38482
38483
38484
38485
38486
38487
38488
38489
38490
38491
38492
38493
38494
38496
38497
38498
38502
38503
38506
38507
38857
38862
38865
38868
38871
38872
38873
38874
38875
38876
38877
38878
38880
38881
38882
38886
38888
38889
38891
38894
38896
38897
38899
38901
38903
38905
38906
38907
38908
38909
38911
38913
38914
38915
38916
38917
38918
38919
38922
38923
38924
38925
38926
38927
38928
38929
38930
38931
38932
38933
38934
38935
38936
38937
38938
38939
38940
38941
38942
38943
38945
38946
38947
38948
38949
38951
38952
38953
38954
38955
38956
38957
38958
38959
38960
38962
38963
38964
38965
38966
38969
38970
38971
38973
38975
38978
38979
38993
38996
38997
39000
39001
39003
39005
39006
39009
39014
39019
39023
39378
39384
39387
39388
39389
39390
39392
39393
39396
39397
39398
39400
39401
39402
39404
39406
39407
39408
39409
39410
39412
39413
39414
39415
39416
39417
39418
39419
39421
39422
39423
39424
39425
39426
39427
39428
39429
39430
39431
39432
39433
39434
39435
39436
39437
39438
39439
39440
39441
39442
39443
39444
39445
39446
39447
39448
39449
39450
39451
39452
39453
39454
39455
39456
39457
39458
39459
39460
39461
39462
39463
39464
39465
39466
39467
39468
39469
39470
39471
39472
39473
39474
39475
39476
39477
39478
39479
39481
39482
39483
39484
39485
39488
39489
39490
39492
39494
39497
39498
39512
39891
39892
39897
39900
39904
39905
39906
39907
39908
39909
39910
39912
39913
39915
39916
39917
39918
39919
39920
39921
39922
39924
39925
39926
39927
39928
39930
39932
39933
39934
39935
39936
39937
39938
39939
39940
39941
39942
39943
39944
39945
39946
39947
39948
39949
39950
39951
39952
39953
39954
39955
39956
39957
39958
39959
39960
39961
39962
39963
39964
39966
39967
39968
39969
39970
39971
39972
39974
39975
39976
39977
39978
39979
39980
39981
39982
39983
39984
39985
39986
39987
39988
39989
39990
39991
39992
39993
39994
39995
39996
39997
39998
40000
40002
40003
40004
40006
40008
40011
40013
40015
40392
40396
40401
40404
40407
40408
40409
40411
40412
40413
40414
40416
40417
40418
40419
40420
40421
40422
40423
40424
40425
40426
40427
40428
40429
40430
40431
40432
40433
40434
40435
40436
40437
40438
40439
40440
40441
40442
40443
40444
40445
40446
40447
40448
40449
40450
40451
40452
40453
40454
40455
40456
40457
40458
40459
40460
40461
40462
40463
40464
40465
40466
40467
40468
40469
40470
40471
40472
40473
40474
40475
40476
40477
40478
40479
40480
40481
40482
40483
40484
40485
40486
40487
40488
40489
40490
40492
40493
40494
40495
40496
40498
40499
40500
40501
40502
40503
40504
40505
40506
40507
40508
40509
40510
40511
40512
40514
40515
40516
40517
40519
40520
40522
40896
40898
40899
40900
40901
40904
40905
40907
40908
40909
40910
40911
40912
40913
40914
40915
40916
40917
40918
40919
40920
40921
40922
40923
40924
40925
40926
40927
40928
40929
40930
40931
40932
40933
40934
40935
40936
40937
40938
40939
40940
40941
40942
40943
40944
40945
40946
40947
40948
40949
40950
40951
40952
40953
40954
40955
40956
40957
40958
40959
40960
40961
40962
40963
40964
40965
40966
40967
40968
40969
40970
40971
40972
40973
40974
40975
40976
40977
40978
40979
40981
40982
40983
40984
40985
40987
40988
40989
40990
40991
40992
40993
40994
40995
40996
40997
40998
40999
41000
41001
41002
41003
41004
41005
41006
41007
41008
41009
41010
41011
41012
41013
41015
41016
41017
41018
41019
41020
41021
41022
41023
41024
41025
41026
41039
41400
41402
41403
41404
41405
41406
41407
41408
41409
41410
41411
41412
41413
41414
41415
41416
41417
41418
41419
41420
41421
41422
41423
41424
41425
41426
41427
41428
41429
41430
41431
41432
41433
41434
41436
41437
41438
41439
41440
41441
41442
41444
41445
41446
41447
41448
41449
41450
41451
41453
41454
41455
41457
41458
41459
41460
41461
41462
41463
41464
41465
41466
41467
41468
41469
41470
41471
41472
41473
41474
41475
41476
41477
41478
41479
41480
41481
41482
41483
41484
41485
41486
41487
41488
41489
41491
41493
41494
41495
41496
41497
41498
41499
41501
41502
41503
41504
41505
41506
41507
41508
41509
41510
41511
41512
41513
41514
41515
41516
41517
41519
41520
41521
41522
41523
41524
41525
41526
41527
41528
41529
41530
41531
41532
41533
41534
41535
41536
41537
41538
41539
41540
41541
41542
41543
41544
41545
41549
41554
41558
41907
41908
41909
41913
41916
41917
41918
41919
41920
41921
41922
41923
41924
41925
41926
41927
41928
41929
41930
41931
41932
41933
41934
41935
41936
41937
41938
41939
41940
41941
41942
41943
41944
41945
41946
41947
41951
41955
41956
41964
41966
41967
41968
41969
41970
41971
41972
41973
41974
41975
41976
41977
41979
41980
41981
41982
41984
41985
41986
41988
41989
41992
41993
41994
41995
41997
41999
42000
42001
42002
42003
42005
42006
42007
42008
42009
42010
42012
42013
42014
42015
42016
42017
42018
42021
42024
42025
42026
42027
42028
42030
42032
42033
42034
42035
42036
42038
42042
42043
42044
42045
42050
42051
42054
42055
42056
42057
42059
42060
42061
42063
42064
42065
42066
42067
42068
42069
42070
42071
42072
42073
42074
42075
42076
42077
42078
42079
42080
42081
42082
42083
42084
42085
42086
42087
42088
42089
42090
42091
42092
42093
42094
42097
42098
42099
42101
42102
42103
42106
42107
42109
42453
42454
42456
42458
42462
42463
42466
42467
42468
42469
42470
42471
42472
42473
42474
42475
42476
42477
42478
42480
42481
42482
42483
42484
42485
42489
42490
42491
42492
42493
42494
42502
42503
42510
42511
42513
42515
42519
42520
42523
42524
42537
42542
42543
42547
42549
42551
42557
42559
42560
42561
42562
42563
42565
42566
42567
42568
42570
42573
42574
42575
42576
42577
42578
42580
42582
42583
42584
42585
42586
42587
42588
42589
42590
42591
42592
42593
42594
42596
42597
42598
42600
42601
42602
42603
42604
42605
42606
42607
42608
42609
42610
42611
42612
42613
42615
42617
42618
42619
42620
42625
42626
42627
42628
42639
42663
42667
42672
42675
42677
42678
42679
42680
42681
42682
42683
42684
42685
42686
42687
42688
42689
42690
42691
42692
42693
42694
42695
42696
42697
42698
42699
42700
42701
42702
42703
42704
42705
42706
42707
42708
42709
42710
42711
42712
42713
42714
42715
42716
42718
42720
42721
43056
43057
43058
43059
43060
43061
43062
43064
43065
43066
43067
43069
43070
43071
43072
43075
43077
43078
43087
43093
43096
43100
43101
43102
43140
43144
43145
43148
43149
43151
43155
43159
43168
43236
43237
43240
43241
43242
43244
43245
43247
43248
43249
43251
43252
43253
43254
43255
43259
43260
43261
43262
43263
43265
43266
43267
43268
43269
43270
43275
47444
47446
47778
47780
47786
47788
47790
47792
47794
47796
47798
47800
47802
47804
47806
47808
49686
49688
50022
50024
50026
50028
50030
50032
50034
50036
50038
50040
50042
50044
50046
50048
51838
51839
51840
51841
51842
51844
51845
51846
51847
51848
51850
51851
51852
51853
51854
51856
51857
51858
51859
51860
51861
51862
51863
51864
51865
51866
51867
51868
51869
51870
51871
51872
51873
51876
51877
51878
51879
51882
51883
51884
51885
51886
51887
51888
51889
51890
51891
51892
51893
51894
51895
51896
51897
51898
51899
51900
51901
51902
51903
51904
51905
51906
51907
51908
51909
51910
51911
51912
51913
51914
51915
51916
51917
51918
51919
51920
51921
51922
51923
51924
51925
51926
51927
51928
51929
51930
51931
51934
51935
51936
51937
51940
51941
51942
51943
51944
51945
51946
51947
51948
51949
51950
51951
51958
51959
51960
51961
51962
51970
51971
51972
51976
51977
51978
51982
51983
51984
51985
51986
51987
51994
51995
51996
51997
51998
51999
52000
52001
52002
52003
52004
52005
52006
52007
52008
52009
52010
52011
52012
52013
52014
52015
52016
52017
52018
52019
52020
52021
52022
52023
52024
52025
52026
52027
52028
52029
52030
52031
52032
52033
52034
52035
52036
52037
52038
52039
52040
52041
52042
52043
52044
52045
52046
52047
52048
52049
52050
52051
52052
52053
52056
52057
52058
52059
52060
52061
52062
52063
52064
52065
52066
52067
52068
52069
52070
52071
52072
52073
52074
52076
52077
52078
52079
52082
52083
52084
52085
52086
52087
52088
52089
52092
52093
52094
52095
52096
52097
52098
52099
52100
52101
52102
52103
52104
52105
52106
52107
52108
52109
52110
52111
52112
52113
52114
52115
52116
52117
52118
52119
52138
52139
52140
52141
52142
52144
52145
52146
52150
52151
52152
52162
52163
52164
52165
52166
52167
52174
52175
52176
52177
52178
52186
52187
52188
52189
52190
52191
52192
52193
52194
52195
52196
52197
52198
52199
52200
52201
52202
52203
52204
52205
52206
52207
52208
52209
52210
52211
52212
52213
52214
52215
52216
52217
52218
52219
52220
52221
52230
52231
52232
52233
52234
52235
52236
52237
52238
52239
52240
52241
52242
52243
52244
52245
52247
52248
52249
52250
52251
52252
52253
52254
52255
52256
52257
52258
52259
52260
52261
52262
52263
52264
52265
52266
52267
52268
52269
52270
52271
52272
52273
52274
52275
52276
52277
52278
52279
52280
52281
52282
52283
52284
52285
52286
52287
52288
52289
52290
52294
52295
52296
52306
52307
52308
52309
52310
52318
52319
52320
52321
52322
52324
52325
52326
52327
52328
52329
52330
52331
52332
52333
52334
52335
52336
52337
52338
52339
52340
52341
52342
52343
52344
52345
52346
52347
52348
52349
52350
52351
52352
52353
52354
52355
52356
52357
52358
52359
52360
52361
52362
52363
52364
52365
52366
52367
52368
52369
52370
52371
52372
52373
52374
52375
52376
52377
52378
52379
52380
52381
52382
52383
52384
52385
52386
52390
52391
52392
52402
52403
52404
52405
52407
52408
52409
52410
52411
52412
52413
52414
52415
52416
52417
52419
52420
52421
52422
52423
52425
52426
52427
52428
52429
52430
52431
52432
52433
52434
52435
52436
52437
52439
52440
52441
52442
52443
52444
52445
52446
52447
52448
52450
52451
52452
52453
52454
52455
52456
52460
52461
52462
52463
52464
52465
52466
52467
52468
52469
52470
52471
52472
52473
52474
52475
52476
52477
52478
52479
52480
52481
52482
52483
52484
52485
52498
52499
52500
52501
52502
52503
52504
52505
52506
52507
52508
52509
52510
52511
52512
52513
52514
52515
52516
52517
52518
52519
52520
52521
52522
52523
52524
52525
52526
52527
52528
52529
52530
52531
52532
52533
52534
52535
52536
52537
52538
52539
52552
52553
52554
52555
52556
52557
52564
52565
52566
52567
52568
52569
52570
52571
52572
52573
52574
52575
52576
52577
52582
52583
52584
52585
52586
52587
52588
52589
52590
52591
52592
52593
52594
52595
52596
52597
52598
52599
52600
52601
52602
52603
52604
52605
52606
52607
52608
52609
52610
52612
52613
52614
52615
52616
52617
52618
52619
52620
52621
52622
52623
52624
52625
52626
52627
52628
52629
52636
52637
52638
52639
52640
52641
52642
52643
52644
52645
52646
52647
52648
52649
52650
52651
52652
52653
52654
52655
52656
52657
52658
52659
52660
52661
52662
52663
52664
52665
52666
52667
52668
52669
52670
52671
52672
52673
52674
52675
52676
52677
52678
52679
52680
52681
52682
52683
52684
52685
52686
52687
52688
52689
52690
52691
52692
52695
52696
52697
52698
52699
52700
52701
52702
52705
52706
52707
52708
52709
52710
52713
52714
52715
52716
52717
52718
52719
52720
52721
52722
52723
52724
52725
52726
52727
52728
52729
52730
52731
52732
52733
52734
52735
52736
52737
52738
52739
52740
52741
52742
52743
52744
52745
52746
52747
52748
52749
52750
52751
52753
52754
52755
52756
52757
52758
52759
52761
52762
52763
52764
52765
52767
52768
52769
52770
52771
52772
52773
52774
52775
52776
52777
52778
52780
52781
52782
52783
52784
52785
52787
52788
52789
52790
52791
52792
52793
52794
52795
52796
52797
52798
52799
52800
52801
52802
52803
52804
52805
52806
52807
52808
52809
52810
52811
52812
52813
52814
52815
52816
52817
52818
52819
52820
52821
52822
52823
52824
52825
52827
52828
52829
52830
52831
52833
52834
52835
52836
52837
52838
52839
52840
52841
52842
52843
52844
52845
52846
52847
52848
52851
52858
52859
52860
52861
52862
52864
52865
52866
52867
52868
52869
52870
52871
52872
52873
52874
52877
52878
52879
52880
52881
52882
52883
52884
52885
52886
52887
52888
52889
52890
52891
52892
52893
52894
52895
52896
52897
52898
52899
52900
52901
52902
52903
52904
52905
52906
52907
52908
52909
52910
52911
52918
52919
52920
52921
52922
52923
52924
52925
52926
52927
52928
52929
52930
52931
52932
52933
52934
52935
52936
52937
52938
52939
52940
52941
52942
52943
52944
52945
52946
52947
52948
52949
52954
52955
52956
52957
52958
52959
52960
52961
52962
52963
52964
52965
52966
52967
52968
52969
52970
52971
52972
52973
52974
52975
52976
52977
52978
52979
52980
52981
52982
52983
52984
52985
52986
52987
52988
52989
52990
52991
52992
52993
52994
52995
52996
52997
52998
52999
53000
53002
53003
53004
53005
53006
53008
53009
53010
53011
53012
53013
53014
53015
53016
53017
53018
53019
53020
53021
53022
53023
53024
53025
53026
53027
53028
53029
53030
53031
53032
53033
53034
53035
53036
53037
53038
53041
53042
53043
53046
53047
53048
53049
53050
53051
53052
53053
53054
53055
53056
53057
53058
53059
53060
53061
53062
53063
53064
53065
53066
53067
53068
53069
53070
53071
53072
53080
53081
53082
53083
53084
53085
53086
53087
53088
53089
53090
53091
53092
53093
53094
53095
53096
53097
53098
53099
53100
53101
53102
53103
53104
53105
53106
53107
53108
53109
53110
53111
53112
53113
53114
53115
53122
53123
53124
53125
53126
53127
53134
53135
53136
53138
53139
53140
53141
53142
53143
53144
53145
53146
53147
53148
53149
53150
53151
53152
53153
53155
53156
53157
53158
53159
53160
53161
53162
53163
53164
53165
53166
53167
53168
53169
53170
53171
53172
53173
53174
53175
53182
53183
53184
53185
53187
53188
53189
53190
53191
53192
53193
53194
53195
53196
53197
53198
53199
53206
53207
53208
53209
53210
53211
53212
53213
53214
53215
53216
53217
53218
53219
53220
53221
53222
53223
53224
53225
53226
53227
53228
53229
53236
53237
53238
53239
53240
53241
53242
53243
53244
53245
53246
53247
53248
53249
53250
53251
53252
53253
53260
53261
53262
53263
53264
53266
53267
53268
53269
53270
53272
53273
53274
53276
53277
53278
53279
53280
53281
53282
53283
53284
53285
53286
53287
53288
53289
53290
53292
53293
53294
53295
53296
53297
53298
53299
53300
53301
53302
53303
53304
53305
53306
53307
53308
53309
53310
53311
53312
53313
53314
53315
53316
53317
53318
53319
53322
53323
53324
53325
53326
53327
53328
53329
53330
53331
53332
53333
53334
53335
53336
53337
53338
53339
53340
53341
53342
53343
53344
53345
53346
53347
53348
53349
53350
53352
53353
53354
53355
53356
53357
53358
53359
53360
53361
53368
53369
53370
53371
53372
53373
53374
53375
53376
53377
53378
53379
53380
53381
53382
53383
53384
53385
53386
53387
53388
53389
53390
53391
53392
53393
53394
53395
53396
53397
53398
53399
53400
53401
53402
53403
53404
53405
53406
53407
53408
53409
53412
53413
53414
53415
53422
53423
53424
53425
53426
53427
53428
53429
53430
53431
53432
53433
53434
53435
53436
53437
53438
53439
53440
53441
53442
53444
53445
53452
53453
53454
53455
53456
53457
53458
53459
53461
53462
53463
53464
53465
53466
53467
53468
53469
53470
53471
53472
53473
53474
53475
53482
53483
53484
53485
53486
53487
53488
53489
53490
53491
53492
53493
53494
53495
53496
53497
53498
53499
53500
53501
53502
53503
53504
53505
53506
53507
53508
53509
53510
53511
53512
53513
53514
53515
53516
53517
53524
53525
53526
53527
53528
53530
53531
53532
53533
53534
53535
53536
53537
53538
53539
53540
53541
53548
53549
53550
53551
53552
53553
53554
53555
53556
53557
53558
53559
53560
53561
53562
53563
53564
53565
53566
53567
53568
53569
53570
53571
53578
53579
53580
53581
53582
53583
53584
53585
53586
53587
53588
53589
53590
53591
53592
53593
53594
53595
53596
53597
53598
53599
53600
53601
53602
53603
53604
53607
53608
53609
53610
53611
53613
53614
53615
53616
53617
53619
53620
53621
53622
53625
53626
53627
53628
53629
53630
53631
53632
53633
53634
53635
53636
53637
53639
53640
53641
53642
53643
53644
53645
53646
53647
53648
53649
53650
53651
53652
53653
53654
53655
53656
53657
53658
53659
53660
53668
53669
53670
53671
53672
53674
53675
53676
53677
53678
53679
53680
53681
53682
53683
53684
53685
53687
53688
53689
53690
53691
53692
53693
53694
53695
53696
53697
53704
53705
53706
53707
53708
53709
53710
53711
53712
53713
53714
53715
53716
53717
53718
53719
53720
53721
53722
53723
53724
53725
53726
53727
53728
53729
53730
53731
53732
53733
53734
53735
53736
53737
53738
53739
53740
53741
53742
53743
53744
53745
53746
53747
53748
53749
53750
53751
53752
53753
53754
53755
53756
53757
53758
53759
53764
53765
53766
53767
53768
53769
53770
53771
53772
53773
53774
53775
53776
53777
53778
53779
53780
53781
53782
53783
53784
53785
53786
53787
53788
53789
53790
53791
53792
53793
53794
53795
53796
53797
53798
53799
53800
53801
53802
53803
53804
53805
53812
53813
53814
53825
53826
53827
53828
53829
53855
53856
53857
53858
53859
53860
53861
53862
53863
53864
53865
53866
53867
53868
53869
53870
53871
53872
53873
53874
53875
53876
53877
53878
53879
53882
53883
53884
53885
53886
53887
53888
53889
53890
53891
53896
53897
53898
53899
53900
53901
53902
53903
53904
53905
53906
53907
53908
53909
53910
53911
53912
53913
53914
53915
53916
53917
53918
53919
53938
53939
53940
53941
53942
53943
53944
53945
53946
53947
53948
53949
53950
53951
53952
53953
53954
53955
53956
53957
53960
53961
53962
53963
53964
53965
53966
53967
53968
53969
53974
53975
53976
53977
53978
53979
53980
53981
53982
53983
53984
53985
53986
53987
53988
53989
53990
53991
53992
53993
53994
53995
53996
53997
53998
53999
54000
54001
54002
54003
54004
54005
54006
54007
54008
54009
54016
54017
54018
54022
54023
54024
54025
54028
54029
54030
54031
54032
54033
54034
54035
54036
54037
54038
54039
54046
54047
54048
54049
54050
54051
54058
54059
54060
54061
54062
54063
54064
54065
54066
54067
54068
54069
54070
54071
54072
54073
54074
54075
54076
54077
54078
54079
54080
54081
54082
54083
54084
54085
54086
54087
54088
54089
54090
54091
54092
54093
54094
54095
54096
54097
54098
54099
54100
54101
54102
54103
54104
54105
54106
54107
54108
54109
54110
54111
54112
54113
54114
54115
54116
54117
54118
54119
54120
54121
54122
54123
54124
54125
54126
54127
54128
54129
54130
54131
54132
54133
54134
54135
54136
54137
54138
54139
54140
54141
54142
54143
54144
54145
54146
54147
54148
54149
54150
54151
54152
54153
54154
54155
54156
54157
54158
54159
54160
54161
54162
54163
54164
54165
54166
54167
54168
54169
54170
54171
54172
54173
54174
54178
54179
54180
54184
54185
54186
54187
54188
54189
54190
54191
54192
54193
54194
54195
54196
54197
54198
54199
54202
54203
54204
54205
54206
54207
54208
54209
54210
54211
54212
54213
54214
54215
54216
54217
54218
54219
54220
54221
54222
54223
54224
54225
54226
54227
54228
54229
54230
54231
54232
54233
54234
54235
54236
54237
54238
54239
54240
54241
54242
54243
54244
54245
54246
54247
54248
54249
54250
54251
54252
54253
54254
54255
54256
54257
54258
54259
54260
54261
54262
54263
54264
54265
54266
54267
54280
54281
54282
54283
54284
54286
54287
54288
54289
54290
54291
54298
54299
54300
54301
54302
54303
54304
54305
54306
54307
54308
54309
54310
54311
54312
54313
54314
54315
54322
54323
54324
54325
54326
54327
54328
54329
54330
54331
54332
54333
54334
54335
54338
54339
54340
54341
54342
54343
54344
54345
54346
54347
54352
54353
54354
54355
54356
54357
54358
54359
54360
54361
54362
54363
54364
54365
54366
54367
54368
54369
54370
54371
54372
54373
54374
54375
54376
54377
54378
54379
54380
54381
54382
54383
54384
54385
54386
54387
54394
54395
54396
54397
54398
54399
54400
54401
54402
54403
54404
54405
54406
54407
54408
54409
54410
54411
54412
54413
54414
54415
54416
54417
54418
54419
54420
54421
54422
54423
54424
54425
54426
54427
54428
54429
54436
54437
54438
54439
54440
54441
54442
54443
54444
54445
54446
54447
54448
54449
54450
54451
54452
54454
54455
54456
54457
54458
54459
54466
54467
54468
54470
54471
54478
54479
54480
54481
54482
54483
54484
54485
54486
54487
54488
54489
54496
54497
54498
54499
54500
54501
54502
54503
54504
54505
54506
54507
54508
54509
54510
54511
54512
54513
54514
54515
54516
54517
54518
54519
54520
54521
54522
54523
54524
54538
54539
54540
54541
54542
54543
54544
54545
54546
54547
54548
54550
54551
54552
54553
54554
54555
54556
54557
54558
54561
54562
54563
54564
54565
54566
54567
54568
54569
54570
54571
54572
54573
54580
54581
54582
54583
54584
54585
54592
54593
54594
54595
54596
54597
54598
54599
54600
54601
54602
54603
54604
54605
54606
54607
54608
54609
54610
54611
54612
54613
54614
54615
54616
54617
54618
54622
54623
54624
54625
54626
54627
54628
54629
54630
54631
54632
54633
54634
54635
54636
54637
54638
54639
54640
54643
54644
54645
54646
54647
54648
54649
54650
54651
54658
54659
54660
54661
54662
54663
54664
54665
54666
54667
54668
54669
54670
54671
54672
54673
54674
54675
54676
54677
54678
54679
54680
54681
54682
54683
54684
54688
54689
54690
54691
54692
54693
54694
54695
54696
54699
54700
54701
54702
54703
54718
54719
54720
54721
54722
54723
54726
54727
54728
54729
54730
54731
54732
54733
54734
54735
54736
54737
54738
54739
54740
54741
54742
54743
54744
54745
54746
54747
54748
54749
54750
54751
54752
54753
54754
54755
54756
54757
54758
54759
54760
54761
54762
54763
54764
54765
54766
54767
54768
54769
54770
54771
54784
54785
54786
54787
54788
54789
54790
54791
54792
54793
54794
54795
54796
54799
54800
54801
54802
54803
54804
54805
54806
54807
54808
54809
54810
54811
54812
54813
54814
54815
54816
54817
54818
54820
54821
54822
54823
54826
54827
54828
54829
54830
54831
54832
54833
54834
54835
54836
54837
54838
54839
54840
54841
54842
54843
54844
54845
54846
54847
54848
54849
54850
54851
54852
54853
54854
54855
54856
54857
54858
54859
54860
54861
54862
54863
54864
54865
54866
54867
54868
54869
54870
54871
54872
54873
54874
54875
54876
54877
54878
54879
54880
54881
54882
54885
54886
54887
54888
54889
54890
54891
54892
54893
54894
54895
54896
54897
54898
54899
54900
54901
54902
54903
54904
54905
54906
54907
54908
54909
54910
54911
54912
54913
54914
54915
54928
54929
54930
54931
54932
54933
54934
54935
54936
54937
54938
54939
54940
54941
54942
54943
54944
54945
54946
54947
54948
54949
54950
54951
54952
54953
54954
54955
54956
54957
54958
54959
54960
54961
54962
54963
54970
54971
54972
54973
54974
54975
54982
54983
54984
54985
54986
54987
54988
54989
54990
54991
54992
54993
55000
55001
55002
55003
55004
55005
55006
55007
55008
55009
55010
55011
55012
55013
55014
55015
55016
55017
55018
55019
55020
55021
55022
55023
55024
55025
55026
55027
55028
55030
55031
55032
55033
55034
55035
55036
55037
55038
55039
55040
55041
55042
55043
55044
55045
55046
55047
55048
55049
55050
55051
55052
55053
55054
55055
55056
55057
55058
55059
55062
55063
55064
55065
55066
55067
55068
55069
55070
55071
55072
55073
55074
55075
55076
55077
55084
55085
55086
55087
55088
55089
55090
55092
55093
55094
55095
55096
55097
55098
55099
55100
55101
55102
55103
55104
55105
55106
55107
55108
55109
55110
55111
55112
55113
55114
55115
55116
55117
55118
55119
55120
55121
55122
55123
55124
55125
55126
55127
55128
55129
55130
55131
55132
55133
55134
55135
55136
55137
55138
55139
55140
55141
55142
55143
55144
55145
55146
55147
55148
55149
55150
55151
55152
55153
55154
55155
55162
55163
55164
55165
55166
55167
55168
55169
55170
55171
55172
55173
55174
55175
55176
55177
55178
55179
55180
55181
55182
55183
55184
55186
55187
55188
55189
55190
55191
55198
55199
55200
55201
55202
55203
55204
55205
55206
55207
55208
55209
55216
55217
55219
55220
55221
55222
55223
55224
55225
55226
55227
55228
55229
55230
55231
55232
55233
55234
55235
55236
55237
55238
55239
55240
55241
55242
55243
55244
55245
55246
55247
55248
55249
55250
55251
55252
55253
55254
55255
55256
55258
55259
55260
55261
55262
55264
55265
55266
55267
55268
55269
55270
55271
55272
55273
55274
55275
55276
55277
55278
55279
55280
55281
55282
55283
55284
55285
55286
55287
55288
55289
55290
55291
55292
55293
55294
55295
55296
55297
55298
55299
55300
55301
55302
55303
55304
55305
55306
55307
55308
55309
55310
55311
55312
55313
55314
55315
55316
55317
55318
55319
55320
55321
55322
55323
55326
55327
55328
55329
55330
55331
55332
55333
55334
55335
55336
55337
55338
55339
55340
55341
55342
55343
55344
55345
55346
55347
55348
55349
55350
55351
55352
55353
55354
55355
55356
55357
55358
55359
55360
55361
55362
55363
55364
55365
55366
55367
55368
55369
55370
55371
55372
55373
55374
55375
55376
55377
55378
55379
55380
55381
55382
55383
55384
55385
55386
55387
55388
55389
55390
55391
55392
55393
55394
55395
55396
55397
55398
55399
55403
55404
55405
55406
55407
55408
55409
55410
55411
55412
55413
55414
55415
55416
55417
55420
55421
55422
55423
55424
55425
55426
55427
55428
55438
55439
55440
55441
55442
55443
55444
55445
55446
55447
55448
55449
55450
55451
55452
55453
55454
55455
55456
55457
55458
55459
55460
55461
55462
55463
55464
55465
55466
55467
55468
55469
55470
55471
55472
55473
55474
55475
55476
55477
55478
55479
55480
55481
55482
55483
55484
55485
55486
55487
55488
55489
55490
55491
55492
55493
55494
55495
55496
55497
55498
55499
55500
55501
55502
55503
55504
55505
55506
55507
55508
55509
55510
55511
55512
55513
55514
55515
55516
55517
55518
55519
55522
55523
55524
55525
55526
55527
55528
55529
55530
55531
55532
55533
55534
55535
55536
55537
55538
55539
55540
55541
55542
55543
55544
55545
55546
55547
55548
55549
55550
55551
55552
55553
55554
55555
55556
55557
55558
55559
55560
55561
55562
55563
55564
55565
55566
55567
55568
55569
55582
55583
55584
55585
55586
55587
55594
55595
55596
55600
55601
55602
55617
55618
55619
55620
55621
55622
55623
55624
55625
55626
55627
55628
55629
55632
55633
55634
55635
55636
55637
55638
55639
55640
55641
55642
55643
55644
55645
55646
55647
55648
55649
55650
55651
55652
55653
55654
55655
55657
55658
55659
55660
55661
55662
55663
55664
55665
55666
55667
55668
55669
55670
55671
55672
55673
55674
55675
55676
55677
55678
55679
55680
55681
55682
55683
55684
55685
55686
55687
55688
55689
55690
55691
55692
55693
55694
55695
55696
55697
55698
55699
55700
55701
55702
55703
55704
55705
55706
55707
55714
55715
55716
55717
55718
55719
55720
55721
55722
55723
55724
55725
55726
55727
55728
55729
55730
55731
55732
55733
55734
55735
55736
55737
55738
55739
55740
55741
55742
55743
55744
55745
55746
55747
55748
55749
55750
55751
55752
55753
55754
55755
55756
55757
55758
55759
55760
55761
55762
55763
55764
55765
55766
55767
55768
55769
55770
55771
55772
55773
55774
55775
55776
55777
55778
55779
55780
55781
55782
55783
55784
55785
55786
55787
55788
55789
55790
55791
55792
55793
55794
55795
55796
55797
55798
55799
55800
55801
55802
55803
55805
55806
55807
55808
55809
55810
55811
55812
55813
55816
55817
55818
55819
55822
55823
55824
55825
55826
55827
55828
55829
55830
55832
55833
55834
55835
55836
55840
55841
55842
55843
55844
55852
55853
55854
55855
55856
55857
55858
55859
55860
55861
55862
55863
55882
55883
55884
55888
55889
55890
55905
55906
55907
55908
55909
55910
55911
55912
55913
55914
55915
55916
55917
55918
55919
55920
55921
55922
55923
55924
55925
55926
55927
55928
55929
55930
55931
55932
55933
55936
55937
55938
55939
55940
55941
55942
55943
55944
55945
55946
55947
55948
55949
55950
55951
55952
55953
55954
55955
55956
55957
55958
55959
55960
55961
55962
55963
55964
55965
55966
55967
55968
55969
55970
55971
55972
55973
55974
55975
55976
55990
55991
55992
55993
55994
55995
55996
55997
55998
55999
56000
56001
56002
56003
56005
56006
56007
56008
56009
56010
56011
56012
56013
56014
56015
56016
56017
56018
56019
56020
56021
56022
56023
56024
56026
56027
56028
56029
56030
56031
56032
56033
56034
56035
56036
56037
56050
56051
56052
56053
56054
56055
56056
56057
56058
56059
56060
56061
56062
56063
56064
56065
56066
56067
56068
56069
56070
56071
56072
56073
56074
56075
56076
56077
56078
56079
56080
56081
56082
56083
56084
56085
56086
56087
56088
56089
56090
56091
56092
56093
56094
56095
56096
56097
56098
56099
56100
56101
56102
56103
56104
56105
56106
56107
56108
56109
56110
56111
56112
56113
56114
56115
56116
56117
56118
56119
56120
56121
56122
56123
56124
56125
56126
56127
56128
56129
56130
56131
56132
56133
56134
56135
56136
56137
56138
56139
56140
56141
56142
56143
56144
56145
56146
56147
56148
56149
56150
56151
56152
56153
56154
56155
56156
56157
56158
56159
56160
56161
56162
56163
56164
56165
56166
56167
56168
56169
56170
56171
56172
56173
56174
56175
56176
56177
56178
56179
56180
56181
56182
56183
56184
56185
56186
56187
56188
56189
56190
56191
56192
56194
56195
56197
56198
56199
56200
56201
56202
56203
56204
56205
56206
56207
56208
56211
56212
56213
56214
56215
56216
56217
56218
56219
56220
56221
56222
56223
56224
56225
56226
56227
56228
56229
56230
56231
56232
56233
56234
56235
56236
56237
56238
56239
56240
56241
56254
56255
56256
56257
56258
56259
56260
56261
56262
56263
56264
56265
56266
56267
56268
56269
56270
56271
56272
56273
56274
56275
56276
56277
56278
56279
56280
56281
56282
56283
56284
56285
56286
56287
56288
56289
56290
56291
56292
56293
56294
56295
56308
56309
56310
56311
56312
56314
56315
56316
56317
56318
56319
56326
56327
56328
56330
56331
56332
56333
56334
56335
56336
56337
56338
56339
56340
56341
56342
56343
56344
56345
56346
56347
56348
56349
56350
56351
56352
56353
56354
56355
56356
56357
56358
56359
56360
56361
56362
56363
56364
56365
56366
56367
56368
56369
56370
56371
56372
56373
56374
56375
56376
56377
56378
56379
56380
56381
56382
56383
56384
56385
56398
56399
56400
56401
56402
56403
56404
56405
56406
56407
56408
56409
56416
56417
56418
56419
56420
56421
56422
56423
56424
56425
56426
56427
56428
56429
56430
56431
56432
56433
56434
56435
56436
56437
56438
56439
56440
56441
56442
56443
56444
56445
56446
56447
56448
56449
56450
56451
56452
56453
56454
56455
56456
56457
56458
56459
56460
56461
56462
56463
56464
56465
56466
56467
56468
56469
56479
56480
56481
56482
56483
56484
56485
56486
56487
56500
56501
56502
56503
56504
56505
56506
56507
56508
56509
56510
56512
56513
56514
56515
56516
56517
56530
56531
56532
56533
56534
56536
56537
56538
56539
56540
56548
56549
56550
56551
56552
56553
56554
56555
56556
56557
56558
56559
56560
56561
56562
56563
56564
56565
56566
56567
56568
56569
56570
56571
56572
56573
56574
56575
56576
56577
56578
56579
56580
56581
56582
56583
56584
56585
56586
56587
56588
56589
56590
56591
56592
56593
56594
56595
56596
56597
56598
56599
56600
56601
56602
56603
56604
56605
56606
56607
56616
56617
56618
56619
56622
56623
56624
56625
56626
56627
56628
56629
56630
56632
56633
56634
56635
56636
56644
56645
56646
56647
56648
56650
56651
56654
56655
56656
56657
56658
56660
56661
56662
56663
56664
56665
56666
56667
56668
56669
56670
56671
56672
56673
56674
56675
56676
56677
56678
56679
56680
56681
56682
56683
56684
56685
56695
56696
56697
56698
56699
56700
56701
56702
56703
56704
56705
56706
56707
56708
56709
56764
56765
56766
56767
56768
56769
56770
56771
56772
56773
56774
56775
56776
56777
56778
56779
56780
56781
56782
56783
56784
56785
56788
56789
56790
56791
56794
56795
56796
56797
56798
56799
56800
56801
56802
56803
56804
56805
56806
56807
56808
56809
56810
56811
56812
56813
56814
56815
56816
56817
56818
56819
56820
56821
56822
56823
56830
56831
56832
56833
56834
56835
56836
56837
56838
56839
56840
56841
56848
56849
56850
56851
56852
56853
56854
56858
56859
56860
56861
56862
56863
56864
56865
56866
56867
56868
56869
56870
56871
56872
56873
56874
56875
56876
56877
56878
56879
56880
56881
56882
56884
56885
56886
56890
56896
56897
56898
56899
56900
56901
56902
56903
56904
56905
56906
56907
56914
56920
56921
56922
56923
56932
56933
56934
56935
56936
56937
56950
56951
56952
56953
56954
56955
56956
56958
56959
56960
56961
56962
56964
56965
56966
56967
56968
56969
56970
56971
56972
56973
56974
56975
56976
56977
56978
56979
56980
56981
56982
56983
56984
56985
56992
56998
56999
57000
57004
57005
57006
57007
57008
57009
57010
57011
57012
57013
57014
57015
57016
57017
57018
57019
57020
57021
57022
57023
57024
57025
57026
57027
57028
57029
57030
57031
57032
57033
57035
57036
57037
57038
57039
57040
57041
57042
57043
57044
57045
57046
57047
57048
57049
57050
57051
57052
57053
57055
57056
57057
57064
57065
57066
57067
57070
57071
57072
57073
57074
57075
57076
57077
57078
57079
57080
57081
57082
57083
57084
57085
57086
57087
57088
57089
57090
57091
57092
57093
57094
57095
57097
57098
57099
57100
57101
57102
57103
57104
57105
57124
57125
57126
57127
57128
57129
57130
57131
57132
57133
57134
57135
57142
57143
57144
57145
57146
57147
57148
57151
57152
57153
57155
57156
57157
57158
57159
57172
57173
57174
57175
57176
57177
57178
57179
57180
57181
57182
57183
57184
57185
57186
57187
57188
57189
57196
57197
57198
57199
57202
57203
57204
57205
57208
57209
57210
57211
57212
57213
57238
57239
57240
57241
57242
57243
57262
57263
57264
57265
57266
57267
57268
57269
57270
57271
57272
57273
57280
57281
57282
57283
57284
57285
57316
57317
57318
57319
57320
57321
57322
57323
57324
57325
57326
57327
57334
57335
57336
57337
57340
57341
57342
57343
57344
57345
57346
57347
57348
57349
57350
57351
57352
57353
57354
57355
57356
57357
57358
57359
57361
57362
57363
57376
57377
57378
57379
57380
57381
57382
57385
57386
57387
57389
57390
57391
57392
57393
57394
57395
57396
57397
57398
57399
57400
57401
57402
57403
57404
57405
57406
57407
57408
57409
57410
57411
57418
57419
57420
57421
57422
57423
57430
57431
57432
57433
57436
57437
57438
57439
57448
57449
57450
57451
57452
57453
57460
57461
57462
57463
57464
57465
57472
57473
57474
57475
57476
57477
57484
57485
57486
57487
57488
57489
57496
57497
57498
57499
57500
57501
57502
57503
57504
57505
57506
57507
57509
57510
57511
57512
57513
57514
57515
57516
57517
57518
57519
57520
57521
57522
57523
57524
57525
57526
57527
57528
57529
57530
57531
57532
57533
57534
57535
57536
57537
57544
57545
57546
57547
57550
57562
57563
57564
57565
57566
57567
57568
57569
57570
57571
57572
57573
57574
57575
57576
57577
57578
57579
57580
57581
57582
57583
57584
57585
57586
57587
57588
57589
57590
57591
57592
57593
57594
57595
57596
57597
57598
57599
57600
57601
57602
57603
57604
57605
57610
57611
57612
57613
57614
57616
57617
57618
57619
57620
57621
57622
57623
57624
57625
57626
57627
57628
57629
57630
57631
57632
57633
57634
57635
57636
57637
57638
57639
57640
57641
57642
57643
57644
57645
57646
57647
57648
57649
57650
57651
57652
57653
57654
57655
57656
57657
57658
57659
57660
57661
57662
57663
57664
57665
57666
57667
57668
57669
57670
57671
57672
57673
57674
57675
57676
57677
57678
57679
57680
57681
57682
57683
57684
57687
57688
57691
57692
57693
57694
57695
57696
57697
57698
57699
57700
57701
57702
57703
57704
57705
57706
57707
57708
57709
57710
57711
57712
57713
57714
57715
57716
57717
57718
57719
57720
57721
57722
57723
57724
57725
57726
57727
57728
57729
57730
57731
57732
57733
57734
57735
57736
57737
57738
57739
57740
57741
57742
57743
57744
57745
57746
57747
57748
57749
57750
57751
57752
57753
57754
57755
57756
57757
57758
57759
57760
57761
57762
57763
57764
57765
57766
57767
57768
57769
57770
57771
57772
57773
57774
57775
57776
57777
57778
57780
57781
57782
57783
57784
57786
57787
57788
57789
57814
57815
57816
57817
57818
57819
57820
57821
57822
57823
57824
57826
57827
57828
57844
57845
57846
57850
57851
57852
57853
57854
57855
57856
57857
57858
57859
57860
57861
57862
57863
57864
57865
57868
57869
57870
57871
57872
57873
57874
57875
57876
57877
57880
57881
57882
57883
57884
57885
57886
57887
57888
57889
57890
57891
57892
57893
57894
57895
57896
57897
57898
57899
57900
57901
57902
57903
57904
57905
57906
57907
57908
57909
57910
57911
57912
57913
57914
57915
57916
57917
57918
57919
57920
57921
57922
57923
57924
57925
57926
57927
57970
57971
57972
57973
57974
57975
57976
57977
57978
57979
57980
57988
57989
57990
57991
57992
57993
57994
57995
57996
57997
57998
57999
58000
58001
58002
58003
58004
58005
58012
58013
58014
58015
58016
58017
58018
58019
58022
58023
58024
58025
58026
58027
58028
58029
58030
58031
58036
58037
58038
58039
58040
58041
58042
58043
58044
58045
58046
58047
58048
58049
58050
58051
58052
58053
58054
58055
58056
58057
58058
58059
58078
58079
58080
58081
58082
58083
58084
58085
58086
58087
58088
58089
58090
58091
58092
58093
58094
58095
58096
58097
58098
58099
58100
58101
58104
58105
58106
58107
58108
58109
58110
58111
58112
58113
58122
58123
58124
58125
58126
58127
58128
58129
58130
58131
58132
58133
58134
58135
58136
58137
58144
58145
58146
58147
58148
58150
58151
58152
58156
58157
58158
58159
58160
58162
58163
58164
58165
58166
58168
58169
58170
58171
58172
58173
58174
58175
58176
58177
58178
58179
58180
58181
58182
58183
58184
58185
58186
58187
58188
58189
58190
58192
58193
58194
58198
58199
58200
58201
58202
58203
58204
58205
58206
58207
58208
58209
58210
58211
58212
58213
58214
58215
58216
58217
58218
58219
58220
58221
58222
58223
58224
58225
58226
58227
58228
58229
58230
58231
58232
58233
58235
58236
58237
58238
58239
58241
58242
58243
58244
58245
58246
58247
58248
58249
58276
58277
58278
58279
58280
58281
58300
58301
58302
58303
58304
58305
58306
58307
58308
58309
58310
58311
58313
58314
58315
58316
58317
58324
58325
58326
58327
58337
58338
58339
58340
58341
58348
58349
58350
58351
58352
58353
58366
58367
58368
58369
58370
58371
58372
58373
58374
58375
58376
58377
58378
58379
58380
58381
58382
58383
58390
58391
58392
58393
58394
58395
58396
58397
58398
58399
58400
58401
58402
58403
58404
58405
58406
58407
58408
58409
58410
58411
58412
58413
58414
58415
58416
58417
58418
58419
58420
58421
58422
58423
58424
58425
58428
58429
58430
58431
58432
58433
58434
58435
58436
58437
58438
58439
58440
58441
58442
58443
58444
58445
58446
58447
58448
58449
58450
58451
58452
58453
58454
58455
58456
58457
58458
58459
58460
58461
58468
58469
58470
58471
58472
58473
58474
58475
58476
58477
58478
58479
58480
58483
58484
58485
58486
58487
58488
58489
58490
58491
58492
58493
58494
58495
58496
58500
58501
58502
58503
58504
58505
58506
58507
58508
58509
58510
58512
58513
58514
58515
)


// ************************************************************************* //
