/*--------------------------------*- C++ -*----------------------------------*\
| =========                 |                                                 |
| \\      /  F ield         | OpenFOAM: The Open Source CFD Toolbox           |
|  \\    /   O peration     | Version:  2512                                  |
|   \\  /    A nd           | Website:  www.openfoam.com                      |
|    \\/     M anipulation  |                                                 |
\*---------------------------------------------------------------------------*/
FoamFile
{
    version     2.0;
    format      ascii;
    arch        "LSB;label=32;scalar=64";
    class       faceSet;
    location    "constant/polyMesh/sets";
    object      layerFaces;
}
// * * * * * * * * * * * * * * * * * * * * * * * * * * * * * * * * * * * * * //


720
(
19460
20486
19463
20490
19466
20494
19471
19474
20501
19477
20503
20505
19482
20508
19485
20511
19488
20514
19493
20519
19496
19499
20524
19504
20529
19507
19510
20538
19515
20542
19518
19521
20546
19526
20553
19529
20556
19532
20559
19537
19539
20564
19541
20566
20568
19544
19545
19546
20571
19547
20574
19550
20577
19553
20582
19558
20584
19561
20586
19564
20589
20591
20593
19569
20596
19572
20599
19575
20602
19580
19582
20607
19584
20609
20611
19587
20614
19591
20618
19595
20622
19602
20629
19605
20632
19608
20635
19613
20640
19616
20643
19619
20646
19624
20651
20652
19628
20653
20654
20656
19632
20658
20661
19639
20664
19641
20667
19643
19646
20672
20673
19649
20674
20675
20676
19652
20677
20678
20681
19657
20684
19661
20689
19665
20690
20691
20692
20694
20696
19672
19674
20699
19676
20701
20703
19679
19680
19681
20706
19682
20707
20708
20709
19686
20711
20713
19690
20716
20719
19697
20722
19701
20727
20728
20729
19705
20730
20732
20734
19712
20737
20738
19714
20739
20740
19716
20742
19719
20744
19721
20747
19723
20748
20749
20750
19726
20752
19729
20754
19732
20757
20759
20761
19737
19739
20764
20765
19741
20766
20767
19744
19745
19746
20771
19747
20775
19751
19755
20782
20785
19762
20788
19766
20793
19770
20795
20797
20800
20801
19777
20802
20803
19780
20805
20807
19783
20810
19788
20813
19790
20816
19792
19795
20821
19797
20823
19799
20825
19802
20828
19805
20831
19808
20834
19813
18790
20839
19816
18794
20843
19819
18798
20847
19824
19826
19828
18805
20854
19831
20856
18809
20858
19834
20861
19837
18813
20862
20863
20864
20866
19842
20868
19844
18820
19846
20871
18824
20873
19849
20875
19851
18828
19853
20878
20879
20880
19856
20881
19859
18835
20884
19862
20887
18839
19867
18843
20892
19870
20895
19873
20898
18850
19878
18854
20903
20904
19880
20905
20906
19882
18858
19885
20910
19889
18865
20914
19893
18869
20921
18873
20924
19900
20927
19904
18880
20932
19908
18884
20933
20934
20935
18888
20937
20939
19915
20942
19918
18895
20945
19921
18899
20948
19926
19927
18903
19928
20953
19929
20955
20957
19933
18910
20960
20961
19937
18913
20962
20963
20964
18916
20965
20966
19944
20969
19945
18921
19946
19947
20972
18924
19950
18927
20977
19953
20980
18932
19958
20983
18936
19962
20988
18940
20989
20990
19966
20991
20993
20995
18947
19973
20998
18950
19975
21000
19977
18953
21002
19980
21005
21006
19982
18958
21007
21008
19984
21010
18962
19987
21012
18966
21015
19991
21016
21017
21018
21019
19995
21020
21021
18973
21023
18976
21025
20002
18979
21028
20006
21031
18984
21034
20010
18988
21039
18992
20017
21042
20020
21045
20023
18999
21050
19002
20028
21053
19005
21056
20032
19010
20036
21061
19013
21063
19016
21065
20043
21068
19021
21070
20046
21072
20049
19025
21075
21077
19029
20054
21079
21082
20059
21084
19036
21086
19039
20064
21089
19042
21091
21093
19047
21096
20073
21098
19050
21100
20077
19053
21103
20081
21106
19058
21109
19062
20088
21114
19066
20091
21116
21118
20094
21121
19073
21123
20099
19076
21125
20103
19079
21128
21130
20107
21132
19084
21135
19088
21138
20114
19092
21141
20118
21146
20122
19099
21148
21150
19103
21153
20129
21155
19107
20132
21157
20135
21160
21162
19114
21164
20140
19118
21167
21168
20144
21169
21170
19122
21172
20148
21174
21177
19129
21178
21179
20155
21180
20156
19132
20157
21182
20158
19135
21184
20161
21187
21188
20164
19140
21189
19144
20169
20171
19148
20173
20176
20178
19155
20180
20183
19160
20185
20187
19165
20190
20193
20196
19174
20201
19177
20204
19180
20207
19185
20212
19190
20216
19195
20220
20227
19204
20230
19208
20233
19212
20238
20241
19219
20244
19222
20249
19225
20253
19230
19232
20257
19234
19237
20264
19241
20267
19245
20270
20275
19252
20278
19255
20281
19258
20286
19263
20289
19266
20292
19269
20297
19274
20300
19278
20303
19282
20308
20311
19289
20314
19292
20319
19295
20322
19300
20325
19304
20330
20332
19308
20334
20337
20339
19315
20341
19319
20344
19323
20348
20352
19330
19333
20359
19336
20361
20363
19341
20366
20370
19346
20374
19351
20381
20384
19360
20387
19363
19366
20392
20395
19371
19373
20398
19375
19378
20403
20406
19383
20409
19388
20414
20417
20420
19397
20425
19401
20428
19405
20431
20436
19412
20438
19415
20440
19418
20443
20445
20447
19423
20450
19426
20451
20452
20453
19429
20455
20457
19434
20460
19438
20463
20466
19442
20471
19449
20475
19452
20479
19455
)


// ************************************************************************* //
