/*--------------------------------*- C++ -*----------------------------------*\
| =========                 |                                                 |
| \\      /  F ield         | OpenFOAM: The Open Source CFD Toolbox           |
|  \\    /   O peration     | Version:  2512                                  |
|   \\  /    A nd           | Website:  www.openfoam.com                      |
|    \\/     M anipulation  |                                                 |
\*---------------------------------------------------------------------------*/
FoamFile
{
    version     2.0;
    format      ascii;
    arch        "LSB;label=32;scalar=64";
    class       pointSet;
    location    "constant/polyMesh/sets";
    object      nonAlignedEdges;
}
// * * * * * * * * * * * * * * * * * * * * * * * * * * * * * * * * * * * * * //


2231
(
148
149
153
154
155
156
157
158
270
271
272
273
275
276
277
279
280
8581
8582
391
8583
8584
392
8585
394
8586
8587
395
396
8588
397
8589
398
8590
399
8591
8592
400
401
8593
402
8595
8597
8598
8599
8601
8603
8604
8605
8607
8608
8610
8611
8612
8613
8614
8615
8617
8619
8620
8625
8626
8627
8628
8629
8630
8631
8632
8633
8634
8640
8641
8642
8643
8645
8651
8652
8653
8654
8655
8656
8657
8658
8659
8660
8661
8663
513
514
515
516
517
518
519
520
521
522
8765
8767
8768
8770
8773
8774
8775
8776
8777
8779
8780
8781
8782
8784
8785
8787
630
631
632
633
634
635
636
637
638
639
8889
8891
8892
8893
8894
8897
8898
8899
8900
8901
8902
8903
8906
8907
8910
8914
747
750
751
752
755
9012
9013
9016
9017
9018
9019
9020
9021
9023
9024
9026
9027
864
866
867
868
869
870
871
873
9125
9126
9129
9130
9131
9132
9133
9134
9135
9138
981
982
983
984
985
986
987
988
990
9234
9236
9238
9239
9240
9242
9243
9247
9248
1098
1099
1100
1103
1104
1105
1106
1107
1108
1110
1111
1112
9344
9347
9348
9349
9350
9351
9352
9353
9354
9355
9357
9358
1219
1222
1223
1225
1226
1227
1230
1231
1232
1233
9456
9458
9459
9460
9462
9463
9464
9465
9466
9467
9468
9470
1345
1346
1347
1348
1349
1350
1353
1354
1355
9566
9568
9569
9570
9572
9573
9574
9576
9577
9578
9579
9580
9581
9582
9583
9584
9585
9586
9587
9589
9683
9689
9691
9692
9693
9694
9695
9696
9697
9698
9699
9700
9701
9702
9703
9704
9705
9708
9709
9710
9711
9712
9713
9714
9716
9818
9819
9820
9821
9822
9823
9824
9825
9826
9827
9828
9829
9830
9831
9832
9834
9836
9837
9838
9839
9840
9841
9939
9940
9941
9942
9946
9947
9948
9993
9994
9995
9996
9997
9998
9999
10000
10001
10002
10003
10004
10005
10006
10007
10008
10009
10010
10011
10012
10013
10014
10015
10016
10017
10018
10019
1951
1952
1953
1954
10168
10180
10181
10185
10186
10188
10189
10193
10194
10195
10196
10199
10200
10206
10207
10209
10210
10213
10218
10219
10220
10221
10222
10223
10224
10225
10226
10229
10230
10231
10232
10234
10236
10237
10238
10239
10240
10241
10242
10243
10245
10246
10247
10248
10249
10250
10251
10252
10254
10255
10257
10258
10260
10261
2071
10263
2072
10264
10266
10267
10268
10269
10271
10275
10276
10277
10278
10279
10280
10282
10288
10290
10291
10293
10294
10295
10296
10301
10302
10304
10305
10306
10307
10308
10314
10315
10317
10318
10319
10320
2189
2190
2306
2307
2423
2424
2540
2541
2659
2660
2661
2662
3110
3111
3112
3113
3114
3115
3116
3117
3118
3119
3120
3121
3122
3123
3124
3125
3126
3127
3128
3129
3130
3131
3132
3133
3134
3135
3136
3137
3138
3139
3140
3141
3142
3143
3144
3145
3146
3147
3148
3149
3150
3151
3152
3153
3154
3155
3156
3157
3158
3159
3160
3161
3162
3163
3164
3165
3166
3167
3168
3169
3170
3171
3172
3173
3174
3175
3176
3177
3178
3179
3180
3181
3182
3183
3184
3185
3186
3188
3189
3190
3191
3192
3193
3194
3195
3196
3197
3198
3199
3200
3201
3202
3204
3205
3206
3207
3208
3210
3212
3213
3214
3216
3217
3218
3219
3220
3223
3224
3225
3227
3229
3230
3231
3232
3234
3236
3237
3239
3240
3243
3245
3246
3247
3248
3249
3250
3252
3253
3254
3257
3258
3259
3260
3261
3262
3263
3264
3265
3266
3267
3268
3269
3270
3271
3272
3273
3274
3275
3276
3277
3278
3279
3280
3282
3283
3284
3285
3286
3287
3288
3289
3290
3291
3292
3293
3294
3295
3296
3298
3299
3300
3301
3302
3303
3304
3305
3308
3341
3342
3343
3344
3345
3346
3348
3350
3351
3352
3353
3354
3355
3356
3357
3358
3359
3360
3361
3362
3363
3364
3365
3366
3367
3368
3369
3370
3371
3372
3374
3375
3376
3377
3379
3381
3382
3383
3384
3385
3386
3387
3388
3391
3392
3393
3394
3395
3396
3397
3398
3399
3401
3402
3403
3404
3405
3406
3407
3408
3409
3410
3411
3412
3413
3414
3415
3416
3418
3419
3420
3421
11614
3422
3423
11615
3424
3425
3426
3427
3428
3429
3430
3431
3432
3433
3434
3435
3436
3437
3438
3439
3440
3441
3442
3443
3444
3445
3446
3447
3448
3449
3450
3451
3452
3453
3455
3457
3458
3459
3460
3461
3463
3464
3465
3466
3467
3468
3469
3470
3471
3472
3473
3474
3475
3476
3477
3478
3479
3480
3481
3482
3483
3484
3485
3486
3488
3489
3490
3491
3492
3493
3494
3495
3496
3500
3501
3502
3503
3504
3505
3506
3507
3508
3509
3510
3513
3514
3515
3516
3517
3518
3519
3520
3521
3522
3523
3524
3525
3527
3528
3529
3531
3532
3533
3535
3537
3538
3539
3540
3542
3543
3544
3545
3546
3547
3549
3550
3551
3552
3553
3554
3555
3556
3557
3558
3560
3561
3562
3563
3564
3566
3567
3568
3569
3570
3574
3575
3576
3577
3578
3579
3580
3581
3582
3583
3584
3585
3586
3587
3588
3589
3590
3591
3592
3593
3594
3595
3596
3597
3598
3599
3600
3601
3602
3603
3604
3605
3607
3608
3609
3610
3611
3612
3613
3614
3615
3616
3618
3619
3620
3621
3622
3623
3624
3625
3626
3627
3628
3629
3630
3631
3632
3633
3634
3635
3636
3637
3638
3639
3640
3641
3642
3643
3644
3645
3646
3647
3648
3649
3650
3651
3652
3653
3654
3655
3656
3657
3658
3659
3660
3661
3662
3663
3664
3665
3666
3667
3668
3669
3670
3671
3673
3674
3675
3676
3677
3678
3679
3680
3681
3682
3683
3684
3685
3686
3687
3688
3689
3690
3691
3693
3694
3695
3696
3697
3700
3702
3705
3707
3709
3711
3713
3716
3718
3721
3723
3726
3729
3731
3734
3740
3742
3744
3746
3750
3753
3755
3757
3759
3764
3767
3769
3771
3774
3776
3779
3781
3783
3785
3787
3790
3792
3795
3797
3800
3803
3805
3808
3814
3816
3818
3820
3824
3827
3829
3831
3833
3838
3841
3843
3845
3846
3847
3848
3849
3850
3851
3852
3853
3854
3855
3856
3857
3858
3859
3860
3861
3862
3863
3864
3865
3866
3867
3868
3869
3870
3871
3872
3873
3874
3875
3876
3877
3879
3880
3881
3882
3884
3885
3886
3887
3888
3890
3893
3894
3895
3896
3897
3898
3899
3900
3901
3902
3903
3904
3905
3906
3907
3908
3909
3910
3911
3912
3913
3914
12106
12107
3915
3916
3917
3919
3920
3921
3922
3923
3924
3925
3926
3927
3928
3929
3930
3931
3932
3933
3934
3935
3936
3937
3938
3939
3940
3941
3942
3943
3944
3945
3946
3947
3948
3949
3950
3951
3952
3953
3954
3955
3956
3957
3958
3959
3960
3961
3962
3963
3964
3965
3966
3967
3968
3969
3970
3971
3972
3973
3974
3975
3976
3977
3978
3979
3980
3981
3982
3983
3984
3985
3986
3987
3988
3989
3990
3994
3995
3996
3997
3998
3999
4000
4001
4002
4003
4004
4005
4006
4007
4008
4009
4010
4011
4012
4013
4014
4015
4017
4018
4019
4020
4021
4022
4023
4024
4025
4026
4027
4028
4029
4030
4031
4032
4033
4034
4035
4036
4037
4038
4039
4040
4041
4042
4043
4044
4045
4046
4047
4048
4049
4050
4051
4052
4053
4054
4055
4057
4058
4059
4060
4061
4062
4063
4064
4065
4066
4067
4068
4069
4070
4071
4072
4073
4080
4083
4087
4088
4156
4157
4162
4163
4164
4165
4167
4219
4220
4223
4224
4225
4226
4227
4228
4229
4282
4283
4284
4285
4286
4287
4289
4341
4342
4343
4344
4345
4346
4347
12548
12549
12550
12551
12552
12553
12554
12555
12556
12557
12558
12559
12564
12565
12566
12568
12569
12570
12572
12573
12574
12575
12576
12577
12578
12579
12580
12581
12582
12584
12585
12586
4398
4400
4401
4402
4404
12612
12613
12614
12616
12617
12618
12624
12625
12626
12627
12628
12629
12630
12631
12640
12641
12642
12643
12644
12645
4453
12646
4455
4456
12648
4457
12649
4458
4459
12651
12652
4460
12653
12654
12655
12656
12657
12658
12660
12661
12664
12665
12668
12669
12670
12671
12672
12673
12674
12675
12676
12677
12678
12679
12680
12681
12682
12683
12684
12685
12686
12688
12689
12690
12692
12693
12694
12695
12696
12697
12698
12699
12700
4508
12701
12702
4510
12703
4511
12704
4512
12705
4513
12706
12707
4515
12712
12713
12714
12715
12720
12721
12722
12724
12725
12726
12728
12729
12730
12736
12737
12738
12739
12740
12741
12744
12745
12752
12753
12754
12755
4564
4566
4567
4568
4570
12804
12805
12808
12809
4619
4620
4622
4623
4624
4625
4627
4628
4629
12824
12825
12826
12827
12832
12833
12834
12835
12836
12837
12838
12839
12840
12841
12842
12843
12848
12849
12850
12852
12853
12854
12856
12857
12858
12864
12865
12866
12867
12868
12869
4677
12870
12871
4679
4680
4682
4683
4684
12876
4685
12877
12878
4687
12879
4688
12880
4689
12881
4690
12882
12883
12884
12887
12888
12889
12890
12891
12892
12893
12894
12895
12896
12897
12898
12899
12900
12901
12902
12903
12904
12905
12906
12907
12908
12909
12910
12911
12912
12913
12914
12915
12916
12917
12918
12919
12920
12921
12922
12923
12924
12925
12926
12927
12932
12933
4741
4742
12934
12935
4743
4744
12936
12937
4745
4746
12939
4747
4748
4750
4751
12944
4752
12945
12946
12948
12949
12950
12951
12952
12953
12954
12960
12961
12962
12968
12969
12980
12981
12982
12983
12988
12989
12990
12991
12992
12993
12994
12995
4805
4806
4807
4808
4812
4813
4814
13012
13013
13014
13015
13016
13017
13018
13019
13020
13021
13022
13023
13024
13025
13032
13033
13034
13036
13037
13038
13039
13040
13041
13042
13043
13044
13045
13046
13048
13049
4859
4860
4861
4862
4863
4864
4865
4866
4867
4868
4869
4870
4871
4872
4873
13068
13069
13072
13073
13074
13075
4884
13076
13077
13078
13079
4887
13080
13081
13082
13084
13085
13086
13088
13089
13090
13092
13093
13094
4902
13096
13097
4905
13098
4908
13100
13101
13102
4911
4914
13108
13109
13110
13111
13112
13113
13114
13115
13124
13125
13126
13128
13129
13130
13131
13132
13135
13136
13139
13140
13141
13142
13143
13144
13145
13146
13147
13148
13149
13150
13152
13153
13154
13155
13156
13157
13158
13159
13160
13161
13162
13164
13165
13167
13168
13169
13171
13180
13181
13182
13183
13184
13185
13186
13187
13188
13189
13190
13194
13195
13220
13221
13222
13223
13224
13225
13226
13227
13228
13229
13230
13231
13232
13233
13234
13235
13240
13241
13243
13244
13245
13246
13247
13248
13249
13250
13252
13253
13255
13260
5068
13261
5071
13263
5072
5073
5074
5075
5076
13270
13271
13272
13273
13274
5083
5084
5086
5087
5088
5089
5090
5091
5092
13284
13285
5093
13286
5094
13287
5095
13288
5096
13289
5097
5098
13290
5099
13291
5100
13292
13293
5101
5102
13295
5103
13296
5105
13297
13298
13299
13300
13301
13302
13303
13308
13311
13312
13315
13316
13317
13318
13324
13325
13326
13327
13328
13329
13330
13331
13333
13334
13335
13336
13337
13338
13340
13341
13342
13344
13345
13346
13347
13348
13349
13350
13351
13352
13353
13354
13355
13356
13357
13358
13359
13360
13361
13362
13364
13365
13366
13368
13369
13370
13371
13376
13377
13378
13379
13380
13381
13382
13392
13393
13394
13395
13396
13397
13398
13399
13404
13405
13406
13407
13412
13413
13414
13415
13420
13421
13422
13428
13429
13430
13431
13432
13433
13434
13435
13436
13437
13438
13444
13445
13446
13447
13448
13449
13450
13451
5259
13452
13453
5262
13454
5263
13455
13456
5264
13457
5266
13458
5267
13459
13460
5268
13461
5269
5270
13462
5271
13463
5273
5275
5278
5280
13472
5281
13473
13474
5283
13475
13476
5285
13477
13478
13479
13480
13481
13482
13483
13484
13485
13486
13492
13493
13496
13497
13498
13499
13500
13501
13502
13503
13504
13505
13508
13509
13511
13516
13517
13518
13519
13520
13521
13522
13523
13524
13525
13526
13528
13529
13530
13540
13541
13542
13543
13548
13549
13552
13553
13556
13557
13558
13559
13568
13569
13570
13571
13572
13573
13574
13575
13576
13577
13578
13580
13581
13582
13592
13593
13594
13596
13597
13598
13628
13629
13630
13631
5439
5441
5442
5443
13636
5444
13637
13638
13639
13640
5448
5449
5450
5451
13643
5452
13644
5453
13645
13646
5454
5455
13647
5456
5458
5459
5460
5462
5464
5466
5467
13668
13669
13670
13692
13693
13694
13695
13700
13701
13702
13716
13717
13718
13719
13720
13721
13722
13723
13724
13725
13726
13727
13728
13729
5615
5616
5620
5621
5622
5623
5624
5625
5626
5627
5629
5630
5631
5632
5633
5636
5780
5781
5784
5785
5786
5787
5788
5789
5790
5791
5792
5794
5795
5796
5798
5800
5801
5946
5948
5950
5952
5954
5955
5959
5961
5962
5963
5965
6110
6113
6114
6115
6116
6117
6119
6120
6121
6122
6123
6125
6126
6127
6128
6132
6277
6279
6280
6281
6283
6284
6285
6286
6287
6288
6289
6290
6291
6292
6293
6294
6296
6297
6298
6300
6445
6446
6447
6450
6451
6453
6455
6457
6458
6460
6461
6462
6463
6464
6465
6466
6467
6468
6471
6472
6473
6474
6475
6476
6477
6478
6479
6625
6632
6634
6635
6636
6637
6638
6639
6641
6642
6643
6645
6646
6647
6649
6650
6651
6652
6653
6654
6655
6656
6657
6658
6659
6660
6662
6813
6816
6819
6821
6822
6823
6824
6825
6826
6827
6828
6829
6830
6831
6832
6833
6836
6840
6843
6844
6845
6846
6847
6848
6850
6851
7492
7493
7494
7495
7496
8168
8169
8170
8171
8172
)


// ************************************************************************* //
